  Time spent: 221.181µs 

Making proof ...
- Started round 0: Air Initialization
  Time spent: 53.303µs
- Started round 1: RAP
"25fbf558458959c672b5ac89659e9d8b3affee6a2effc91d44b21afdfc20424e"
"028ad0bf228eb5490bccc062fe7cdb721ccd9714345d9018f0a2854a31243b72"
  Time spent: 802.061µs
- Started round 2: Compute composition polynomial
     Evaluating periodic columns on lde: 52ns
     Created boundary polynomials: 29ns
     Evaluated boundary polynomials on LDE: 28ns
     Evaluated transition zerofiers: 40.858µs
     Evaluated transitions and accumulated results: 53.088µs
[0, 173, 53, 170, 76, 1, 238, 203, 57, 169, 49, 164, 57, 255, 117, 163, 65, 6, 20, 2, 118, 85, 224, 89, 188, 125, 244, 69, 235, 65, 241, 220]
[2, 115, 251, 125, 13, 202, 90, 94, 159, 247, 78, 190, 211, 218, 232, 72, 138, 87, 186, 23, 210, 95, 35, 92, 245, 186, 92, 42, 164, 187, 174, 1]
[6, 33, 186, 10, 77, 84, 174, 195, 240, 173, 56, 124, 55, 67, 176, 73, 243, 129, 83, 228, 188, 254, 41, 120, 101, 37, 114, 165, 213, 64, 216, 178]
[5, 170, 83, 189, 195, 145, 218, 96, 234, 207, 253, 115, 17, 212, 20, 65, 158, 169, 23, 17, 26, 174, 255, 77, 48, 47, 136, 158, 8, 83, 119, 74]
[0, 31, 114, 106, 116, 196, 104, 154, 242, 53, 150, 161, 45, 165, 44, 143, 46, 112, 126, 32, 178, 236, 226, 188, 88, 123, 48, 149, 69, 21, 195, 136]
[0, 1, 101, 98, 28, 137, 34, 125, 178, 123, 56, 196, 0, 16, 77, 81, 253, 93, 22, 177, 210, 62, 33, 126, 213, 84, 28, 35, 142, 126, 119, 76]
[0, 0, 73, 135, 52, 93, 66, 238, 7, 55, 67, 241, 71, 151, 132, 251, 192, 91, 7, 60, 195, 135, 229, 182, 42, 17, 98, 168, 62, 136, 132, 187]
[6, 60, 87, 103, 56, 164, 222, 164, 129, 187, 56, 53, 38, 2, 132, 148, 142, 247, 152, 207, 135, 142, 130, 28, 161, 227, 228, 185, 113, 30, 226, 223]
[3, 75, 95, 144, 220, 63, 251, 89, 133, 211, 62, 116, 5, 162, 127, 29, 234, 154, 207, 138, 179, 196, 32, 105, 51, 211, 94, 166, 9, 141, 131, 251]
[3, 122, 24, 226, 106, 47, 126, 73, 211, 235, 111, 195, 43, 163, 216, 210, 5, 154, 95, 103, 21, 144, 160, 232, 67, 161, 133, 199, 140, 205, 221, 205]
[5, 200, 77, 73, 15, 65, 165, 102, 115, 88, 79, 183, 179, 175, 50, 32, 54, 129, 117, 84, 225, 220, 96, 12, 129, 177, 157, 201, 162, 243, 235, 23]
[6, 67, 219, 157, 34, 78, 40, 118, 79, 104, 38, 200, 145, 222, 132, 50, 38, 166, 160, 69, 203, 208, 202, 92, 176, 133, 74, 81, 165, 75, 222, 130]
[0, 197, 117, 142, 231, 174, 147, 199, 132, 137, 120, 246, 64, 198, 253, 170, 114, 108, 67, 62, 253, 17, 14, 9, 80, 218, 30, 9, 193, 68, 184, 90]
[7, 34, 234, 128, 157, 94, 94, 14, 189, 223, 90, 34, 234, 10, 69, 156, 143, 124, 122, 92, 108, 245, 48, 141, 50, 194, 213, 29, 78, 126, 242, 222]
[3, 23, 169, 224, 16, 83, 141, 114, 176, 148, 80, 245, 47, 64, 151, 207, 82, 243, 22, 136, 139, 47, 149, 47, 132, 91, 162, 220, 243, 77, 107, 47]
[5, 239, 45, 23, 115, 105, 50, 233, 224, 243, 163, 249, 218, 30, 27, 168, 107, 57, 209, 214, 166, 25, 72, 30, 245, 195, 59, 69, 228, 20, 228, 111]
[0, 181, 174, 19, 53, 169, 198, 97, 182, 67, 219, 165, 184, 188, 232, 197, 68, 234, 137, 171, 233, 44, 76, 190, 176, 173, 109, 229, 158, 128, 218, 210]
[3, 41, 87, 74, 82, 31, 157, 215, 142, 7, 40, 166, 53, 176, 116, 89, 242, 49, 55, 28, 95, 254, 10, 4, 62, 69, 215, 46, 107, 133, 54, 248]
[1, 227, 171, 97, 234, 74, 46, 38, 71, 69, 174, 163, 133, 59, 47, 232, 116, 29, 160, 70, 46, 125, 83, 194, 247, 42, 170, 50, 113, 182, 253, 118]
[7, 74, 236, 119, 230, 112, 49, 130, 250, 148, 199, 39, 206, 51, 114, 133, 153, 69, 115, 143, 88, 199, 7, 25, 242, 56, 39, 21, 48, 147, 247, 86]
[0, 95, 252, 116, 4, 238, 236, 188, 184, 92, 15, 15, 248, 53, 84, 233, 176, 60, 11, 139, 63, 52, 118, 204, 50, 78, 86, 177, 174, 141, 84, 254]
[7, 46, 42, 139, 217, 239, 68, 28, 135, 96, 203, 148, 176, 170, 139, 199, 53, 68, 100, 235, 196, 235, 164, 95, 216, 247, 254, 217, 107, 243, 176, 243]
[7, 32, 34, 115, 230, 254, 24, 134, 160, 229, 123, 138, 225, 194, 186, 252, 54, 149, 198, 128, 239, 40, 239, 152, 185, 108, 171, 155, 82, 210, 171, 111]
[0, 126, 12, 73, 111, 81, 83, 237, 27, 103, 71, 195, 158, 211, 147, 5, 46, 76, 52, 112, 220, 213, 191, 177, 45, 116, 64, 166, 122, 181, 190, 233]
[2, 163, 87, 197, 27, 201, 235, 151, 9, 12, 185, 199, 23, 100, 76, 87, 60, 112, 161, 160, 105, 74, 84, 181, 91, 38, 136, 252, 137, 243, 243, 156]
[5, 37, 171, 209, 182, 80, 25, 125, 86, 152, 137, 102, 185, 168, 210, 12, 244, 129, 144, 252, 125, 215, 162, 6, 129, 55, 236, 118, 216, 55, 62, 65]
[5, 247, 127, 60, 143, 105, 42, 48, 234, 65, 68, 200, 218, 248, 236, 193, 246, 58, 42, 102, 48, 227, 116, 204, 83, 210, 90, 48, 118, 80, 76, 110]
[2, 102, 250, 34, 15, 247, 42, 220, 213, 59, 100, 10, 61, 246, 19, 221, 18, 199, 229, 236, 211, 224, 219, 184, 6, 146, 243, 245, 246, 24, 190, 112]
[2, 34, 64, 202, 240, 19, 15, 247, 2, 116, 84, 205, 61, 95, 84, 47, 144, 9, 74, 195, 14, 131, 63, 235, 32, 10, 232, 232, 79, 6, 36, 68]
[0, 231, 215, 115, 51, 211, 205, 32, 25, 239, 102, 10, 134, 23, 197, 176, 140, 184, 151, 143, 98, 161, 232, 18, 51, 249, 54, 205, 212, 55, 114, 48]
[7, 105, 64, 45, 200, 80, 251, 28, 197, 160, 207, 162, 230, 59, 186, 21, 174, 203, 245, 136, 211, 142, 206, 104, 46, 75, 164, 140, 54, 81, 11, 20]
[0, 41, 63, 161, 109, 252, 95, 134, 136, 221, 252, 165, 153, 83, 90, 255, 47, 20, 133, 218, 244, 239, 127, 20, 128, 253, 112, 59, 191, 192, 205, 20]
[5, 177, 180, 182, 100, 58, 243, 16, 123, 116, 115, 245, 145, 121, 220, 17, 68, 138, 216, 208, 255, 22, 117, 51, 72, 23, 10, 218, 109, 176, 78, 146]
[1, 127, 77, 111, 22, 113, 46, 210, 99, 219, 116, 120, 115, 66, 192, 110, 10, 52, 158, 215, 215, 27, 29, 205, 91, 17, 222, 52, 155, 24, 138, 156]
[1, 199, 67, 124, 67, 6, 101, 5, 78, 20, 33, 225, 113, 183, 190, 101, 148, 168, 17, 251, 159, 70, 77, 209, 10, 250, 230, 204, 95, 24, 220, 172]
[7, 32, 11, 100, 202, 3, 132, 155, 89, 103, 232, 228, 251, 182, 59, 35, 75, 174, 68, 226, 37, 201, 15, 69, 116, 51, 40, 217, 178, 223, 137, 120]
[1, 70, 189, 26, 48, 145, 12, 183, 28, 55, 168, 6, 102, 108, 194, 132, 171, 88, 164, 193, 44, 33, 119, 48, 109, 202, 154, 106, 182, 122, 233, 70]
[3, 71, 150, 156, 183, 95, 252, 172, 20, 67, 181, 235, 60, 227, 102, 140, 142, 117, 251, 41, 164, 164, 216, 56, 216, 106, 211, 27, 23, 73, 53, 103]
[6, 159, 83, 228, 100, 220, 117, 45, 168, 130, 245, 113, 19, 142, 154, 25, 194, 175, 222, 126, 139, 79, 169, 178, 12, 138, 221, 248, 27, 166, 251, 76]
[7, 156, 68, 104, 245, 76, 247, 65, 153, 250, 34, 164, 6, 209, 51, 167, 193, 180, 173, 247, 200, 146, 226, 107, 189, 120, 217, 225, 233, 44, 112, 201]
[6, 178, 228, 104, 199, 55, 27, 103, 176, 234, 54, 207, 122, 37, 156, 97, 240, 35, 82, 73, 222, 136, 213, 232, 65, 208, 112, 106, 181, 238, 68, 204]
[6, 104, 120, 154, 76, 39, 24, 36, 81, 155, 46, 81, 111, 27, 39, 50, 100, 82, 57, 42, 156, 8, 98, 72, 93, 172, 203, 39, 194, 159, 6, 21]
[1, 171, 127, 140, 143, 149, 239, 211, 193, 151, 131, 232, 24, 181, 45, 158, 64, 232, 79, 134, 130, 222, 17, 183, 252, 9, 215, 169, 7, 176, 170, 1]
[1, 119, 207, 190, 152, 31, 141, 155, 190, 168, 49, 102, 187, 57, 92, 68, 63, 122, 237, 50, 227, 109, 237, 217, 99, 187, 138, 130, 63, 180, 201, 230]
[0, 21, 171, 61, 240, 203, 149, 177, 10, 129, 123, 169, 175, 52, 42, 220, 52, 122, 13, 150, 181, 212, 86, 72, 246, 205, 192, 28, 178, 140, 230, 72]
[7, 240, 198, 167, 156, 118, 153, 165, 35, 69, 82, 214, 41, 143, 169, 220, 226, 140, 27, 82, 176, 57, 153, 17, 232, 251, 120, 254, 178, 81, 222, 38]
[4, 49, 121, 55, 50, 221, 231, 252, 8, 62, 170, 223, 111, 253, 25, 220, 167, 227, 117, 140, 133, 108, 21, 77, 215, 48, 176, 211, 187, 252, 181, 17]
[5, 100, 251, 51, 66, 146, 225, 46, 46, 184, 152, 4, 233, 156, 90, 218, 228, 105, 137, 183, 112, 163, 51, 254, 34, 223, 211, 201, 65, 34, 101, 206]
[4, 214, 118, 220, 80, 128, 236, 132, 182, 51, 41, 246, 63, 37, 194, 167, 119, 190, 204, 128, 82, 251, 113, 44, 194, 113, 4, 189, 154, 138, 21, 65]
[2, 11, 148, 71, 242, 133, 95, 47, 134, 179, 248, 247, 81, 65, 246, 172, 145, 80, 216, 248, 73, 167, 82, 128, 133, 193, 38, 54, 94, 37, 50, 31]
[4, 233, 60, 22, 72, 54, 51, 238, 70, 221, 8, 12, 138, 247, 127, 65, 20, 78, 227, 8, 250, 141, 139, 239, 79, 245, 160, 174, 8, 240, 171, 135]
[5, 205, 220, 179, 192, 48, 35, 110, 58, 192, 92, 84, 78, 244, 223, 223, 103, 143, 227, 17, 0, 222, 190, 233, 253, 136, 144, 47, 239, 246, 47, 2]
[0, 89, 57, 78, 85, 235, 107, 241, 156, 130, 110, 249, 195, 189, 247, 8, 218, 174, 159, 181, 118, 131, 18, 235, 132, 108, 21, 240, 121, 14, 78, 212]
[2, 28, 214, 21, 53, 233, 133, 12, 253, 141, 156, 213, 213, 141, 47, 121, 95, 54, 172, 209, 185, 203, 114, 176, 162, 65, 181, 89, 107, 245, 84, 33]
[3, 255, 90, 161, 151, 165, 84, 69, 63, 255, 66, 177, 221, 103, 211, 145, 160, 100, 101, 132, 175, 44, 250, 72, 245, 144, 220, 5, 159, 107, 109, 181]
[3, 83, 18, 248, 16, 80, 121, 89, 197, 157, 56, 43, 73, 50, 0, 161, 71, 15, 51, 72, 63, 179, 198, 91, 251, 24, 222, 192, 39, 247, 10, 54]
[7, 104, 219, 116, 201, 215, 134, 80, 200, 126, 124, 120, 189, 228, 235, 17, 48, 162, 249, 186, 172, 145, 223, 3, 87, 144, 211, 195, 20, 10, 147, 207]
[4, 235, 23, 247, 210, 120, 171, 123, 207, 232, 252, 156, 118, 108, 13, 160, 197, 91, 80, 229, 243, 138, 76, 201, 160, 233, 11, 162, 190, 140, 107, 176]
[1, 12, 236, 42, 75, 227, 58, 52, 115, 190, 87, 202, 38, 241, 107, 253, 201, 67, 17, 87, 179, 213, 136, 49, 173, 82, 198, 121, 46, 113, 203, 111]
[2, 231, 223, 75, 108, 227, 19, 68, 130, 183, 36, 233, 90, 97, 10, 72, 164, 217, 20, 254, 197, 150, 46, 96, 177, 103, 91, 221, 102, 80, 171, 184]
[6, 149, 204, 24, 166, 108, 207, 197, 92, 42, 245, 155, 24, 234, 34, 48, 89, 74, 233, 17, 215, 200, 157, 84, 37, 247, 95, 199, 42, 240, 89, 117]
[7, 198, 62, 212, 26, 59, 179, 73, 200, 122, 131, 107, 98, 149, 124, 246, 61, 69, 179, 84, 231, 96, 137, 156, 172, 133, 236, 229, 220, 112, 7, 147]
[3, 225, 165, 148, 184, 40, 115, 238, 205, 176, 122, 157, 243, 122, 58, 176, 241, 191, 199, 252, 141, 203, 114, 191, 137, 166, 251, 159, 139, 133, 125, 10]
[4, 149, 155, 242, 85, 45, 24, 10, 194, 134, 17, 144, 190, 237, 104, 58, 141, 187, 239, 191, 215, 150, 81, 44, 153, 94, 232, 75, 49, 58, 242, 28]
[3, 38, 232, 152, 223, 206, 175, 90, 86, 71, 116, 103, 100, 62, 253, 132, 100, 120, 167, 1, 141, 227, 151, 189, 183, 249, 153, 221, 56, 145, 250, 234]
[4, 244, 163, 51, 250, 23, 2, 149, 223, 10, 68, 207, 31, 135, 96, 35, 208, 187, 49, 165, 201, 38, 64, 196, 159, 190, 11, 156, 151, 42, 94, 130]
[2, 182, 95, 15, 141, 232, 95, 19, 96, 204, 22, 83, 172, 162, 70, 154, 48, 150, 59, 102, 15, 100, 112, 49, 88, 4, 40, 47, 121, 255, 140, 116]
[5, 89, 101, 54, 72, 218, 97, 4, 129, 114, 94, 104, 94, 7, 40, 119, 204, 22, 239, 245, 164, 57, 90, 236, 138, 161, 190, 78, 192, 106, 129, 74]
[7, 140, 225, 205, 189, 214, 44, 158, 5, 39, 197, 143, 224, 106, 129, 153, 212, 219, 74, 108, 187, 68, 162, 129, 71, 91, 237, 108, 91, 8, 26, 193]
[0, 208, 173, 211, 136, 36, 145, 158, 64, 14, 172, 234, 206, 214, 223, 198, 55, 58, 230, 39, 210, 26, 225, 75, 62, 178, 31, 192, 241, 49, 13, 175]
[4, 39, 19, 158, 206, 192, 12, 211, 19, 86, 177, 143, 150, 140, 85, 56, 187, 108, 150, 41, 246, 100, 31, 202, 76, 68, 238, 63, 69, 132, 156, 94]
[3, 136, 233, 183, 84, 11, 228, 142, 200, 252, 213, 222, 30, 255, 185, 151, 244, 220, 14, 178, 182, 129, 178, 114, 5, 29, 246, 234, 15, 97, 62, 218]
[7, 180, 155, 91, 236, 98, 132, 197, 28, 186, 172, 139, 244, 223, 67, 31, 233, 27, 53, 99, 115, 200, 152, 46, 166, 36, 84, 63, 177, 175, 215, 197]
[0, 128, 215, 9, 15, 132, 233, 4, 22, 82, 238, 255, 218, 17, 204, 2, 184, 173, 193, 119, 184, 128, 57, 34, 47, 47, 122, 119, 227, 28, 85, 15]
[4, 144, 63, 185, 180, 254, 214, 65, 82, 232, 185, 242, 184, 152, 227, 193, 246, 51, 189, 28, 67, 192, 163, 231, 194, 196, 8, 150, 11, 127, 108, 137]
[0, 21, 84, 12, 39, 4, 3, 218, 205, 175, 221, 21, 101, 50, 121, 116, 5, 71, 112, 227, 133, 130, 123, 200, 245, 244, 134, 186, 39, 254, 18, 79]
[6, 123, 144, 243, 156, 181, 155, 28, 171, 98, 89, 199, 54, 206, 255, 15, 22, 90, 110, 233, 221, 247, 124, 26, 145, 141, 192, 137, 51, 180, 21, 116]
[0, 17, 32, 99, 163, 42, 162, 81, 222, 73, 25, 50, 123, 151, 138, 198, 145, 226, 26, 252, 10, 53, 173, 238, 70, 255, 150, 244, 155, 187, 129, 143]
[0, 92, 235, 50, 71, 101, 20, 214, 230, 149, 195, 7, 145, 219, 73, 94, 13, 170, 173, 17, 21, 150, 92, 176, 109, 100, 5, 68, 241, 95, 208, 121]
[6, 236, 135, 73, 120, 66, 10, 39, 153, 209, 73, 33, 45, 106, 180, 189, 136, 137, 7, 230, 229, 123, 62, 106, 195, 223, 2, 4, 254, 250, 156, 75]
[5, 219, 183, 106, 145, 11, 72, 155, 253, 116, 67, 14, 10, 162, 183, 197, 195, 35, 218, 113, 233, 75, 97, 76, 161, 187, 112, 50, 196, 252, 205, 213]
[7, 107, 131, 39, 95, 5, 183, 145, 121, 4, 142, 82, 121, 14, 105, 15, 115, 106, 237, 55, 64, 120, 30, 255, 90, 135, 108, 98, 110, 78, 148, 166]
[3, 40, 36, 241, 174, 64, 204, 41, 116, 48, 18, 49, 22, 77, 211, 224, 177, 253, 26, 25, 203, 60, 38, 31, 14, 33, 215, 148, 205, 124, 24, 94]
[6, 96, 93, 50, 88, 75, 112, 17, 85, 35, 0, 7, 241, 109, 10, 69, 92, 76, 145, 152, 33, 156, 120, 210, 183, 116, 11, 113, 219, 90, 173, 127]
[6, 90, 242, 155, 170, 124, 139, 234, 140, 219, 251, 153, 230, 118, 161, 126, 14, 116, 168, 45, 161, 103, 102, 146, 233, 87, 31, 79, 49, 75, 157, 11]
[5, 250, 30, 226, 21, 156, 35, 74, 69, 218, 66, 147, 243, 241, 249, 104, 100, 4, 40, 151, 22, 215, 123, 93, 12, 238, 103, 144, 14, 120, 198, 28]
[6, 178, 200, 126, 13, 222, 35, 132, 82, 41, 163, 53, 133, 252, 26, 143, 182, 254, 198, 196, 219, 232, 131, 132, 141, 217, 103, 124, 71, 77, 85, 50]
[2, 11, 194, 150, 227, 78, 181, 16, 87, 129, 240, 243, 57, 86, 126, 24, 121, 253, 146, 7, 202, 170, 47, 185, 13, 130, 181, 182, 151, 182, 129, 120]
[5, 248, 116, 35, 179, 208, 217, 125, 203, 216, 188, 198, 89, 75, 62, 152, 7, 9, 153, 148, 203, 21, 242, 161, 128, 140, 10, 45, 15, 231, 175, 57]
[1, 125, 253, 246, 209, 66, 159, 59, 167, 18, 77, 12, 123, 142, 250, 237, 91, 85, 54, 174, 73, 104, 110, 219, 217, 65, 61, 237, 35, 233, 128, 165]
[4, 246, 65, 207, 150, 219, 245, 248, 131, 180, 173, 215, 183, 182, 159, 160, 64, 4, 154, 84, 4, 128, 238, 246, 156, 163, 64, 146, 88, 43, 228, 200]
[7, 120, 240, 216, 104, 6, 178, 13, 7, 228, 13, 233, 64, 231, 153, 42, 234, 190, 144, 78, 210, 19, 7, 63, 112, 123, 201, 161, 55, 237, 114, 52]
[0, 227, 20, 14, 120, 103, 139, 53, 95, 221, 25, 150, 84, 48, 30, 138, 169, 126, 1, 96, 50, 164, 24, 43, 148, 232, 100, 188, 24, 208, 191, 150]
[5, 78, 203, 241, 41, 219, 71, 172, 217, 133, 63, 116, 154, 86, 54, 122, 187, 181, 169, 246, 83, 17, 106, 138, 224, 124, 56, 154, 246, 13, 245, 128]
[1, 180, 41, 147, 211, 164, 124, 166, 148, 108, 242, 234, 5, 68, 121, 181, 104, 128, 28, 172, 125, 106, 40, 143, 200, 158, 247, 218, 46, 142, 47, 116]
[5, 170, 117, 244, 68, 215, 247, 5, 33, 149, 49, 63, 29, 20, 102, 4, 36, 197, 17, 81, 175, 122, 165, 151, 155, 241, 232, 58, 84, 150, 10, 236]
[4, 175, 103, 238, 109, 94, 220, 226, 254, 225, 53, 163, 128, 117, 131, 83, 237, 177, 231, 225, 137, 160, 54, 112, 102, 44, 135, 27, 216, 253, 56, 246]
[5, 150, 108, 110, 145, 26, 134, 242, 196, 132, 147, 22, 138, 17, 38, 24, 105, 178, 20, 110, 210, 116, 97, 188, 14, 66, 21, 136, 150, 9, 103, 62]
[0, 71, 71, 154, 126, 114, 106, 63, 221, 243, 237, 105, 18, 62, 194, 147, 61, 37, 224, 25, 112, 208, 162, 117, 31, 244, 202, 226, 68, 45, 223, 195]
[5, 103, 133, 63, 171, 153, 149, 75, 234, 68, 184, 224, 227, 34, 154, 216, 200, 135, 199, 102, 155, 141, 20, 183, 224, 254, 130, 230, 196, 154, 199, 118]
[2, 225, 163, 168, 85, 73, 139, 89, 169, 84, 24, 5, 33, 139, 145, 178, 239, 172, 183, 180, 65, 226, 248, 69, 2, 110, 93, 182, 79, 66, 236, 129]
[4, 246, 70, 163, 59, 52, 186, 25, 232, 254, 255, 61, 33, 91, 212, 140, 19, 95, 150, 114, 208, 103, 180, 211, 151, 211, 229, 68, 203, 64, 17, 144]
[2, 164, 107, 83, 5, 108, 205, 254, 19, 19, 35, 23, 79, 27, 22, 186, 159, 57, 145, 41, 140, 53, 93, 230, 101, 247, 219, 127, 29, 85, 250, 158]
[2, 221, 194, 160, 171, 220, 30, 130, 232, 196, 140, 249, 50, 239, 108, 233, 118, 135, 152, 5, 35, 166, 171, 224, 119, 98, 88, 42, 86, 80, 73, 236]
[0, 140, 113, 229, 136, 198, 17, 228, 46, 12, 173, 136, 220, 25, 247, 255, 71, 107, 50, 241, 84, 48, 47, 16, 169, 71, 113, 136, 64, 235, 175, 25]
[1, 66, 58, 83, 154, 126, 237, 86, 36, 44, 243, 246, 164, 221, 148, 235, 5, 117, 83, 93, 253, 79, 139, 19, 207, 184, 236, 149, 213, 245, 127, 46]
[4, 95, 68, 5, 109, 89, 240, 4, 149, 116, 134, 46, 66, 254, 70, 238, 75, 59, 206, 35, 62, 210, 150, 123, 101, 213, 228, 251, 153, 30, 200, 123]
[3, 143, 40, 109, 228, 151, 150, 182, 157, 1, 44, 168, 218, 68, 33, 207, 171, 55, 42, 148, 58, 133, 127, 192, 161, 231, 13, 33, 88, 102, 94, 93]
[3, 150, 47, 43, 182, 217, 220, 55, 231, 213, 129, 221, 11, 29, 243, 81, 200, 197, 253, 156, 36, 97, 221, 241, 13, 105, 17, 248, 89, 100, 162, 80]
[4, 208, 15, 250, 169, 67, 233, 231, 104, 110, 128, 207, 48, 187, 161, 49, 193, 49, 149, 241, 36, 173, 33, 111, 13, 7, 121, 50, 36, 131, 224, 233]
[5, 154, 54, 243, 60, 210, 218, 113, 197, 28, 150, 26, 239, 2, 255, 238, 7, 88, 95, 231, 153, 170, 3, 191, 42, 63, 61, 232, 223, 221, 245, 233]
[2, 98, 245, 224, 109, 130, 233, 186, 21, 89, 235, 104, 94, 212, 253, 83, 157, 167, 11, 247, 137, 194, 0, 95, 193, 184, 32, 243, 61, 237, 180, 32]
[4, 37, 119, 2, 199, 65, 89, 130, 93, 111, 39, 68, 208, 148, 221, 239, 236, 19, 123, 222, 170, 45, 174, 166, 207, 30, 19, 253, 164, 211, 137, 151]
[7, 85, 150, 86, 141, 147, 115, 251, 241, 90, 71, 206, 146, 124, 106, 65, 211, 224, 33, 37, 32, 141, 112, 138, 98, 39, 89, 249, 89, 155, 245, 252]
[6, 127, 242, 136, 207, 57, 95, 160, 173, 151, 151, 182, 7, 20, 128, 243, 141, 66, 46, 69, 216, 123, 187, 143, 122, 20, 205, 63, 134, 131, 190, 28]
[5, 237, 96, 132, 173, 38, 73, 227, 148, 51, 170, 192, 69, 142, 143, 242, 85, 190, 161, 135, 246, 212, 78, 244, 31, 74, 150, 19, 35, 16, 237, 199]
[5, 15, 194, 197, 22, 35, 171, 103, 37, 15, 18, 51, 26, 214, 69, 18, 251, 139, 50, 68, 154, 224, 131, 228, 121, 76, 234, 241, 166, 216, 87, 82]
[6, 133, 109, 223, 176, 43, 66, 205, 34, 62, 185, 232, 115, 196, 180, 107, 109, 172, 145, 35, 173, 18, 50, 173, 135, 47, 48, 224, 174, 231, 147, 152]
[0, 176, 228, 239, 25, 245, 107, 56, 41, 104, 96, 7, 204, 0, 36, 23, 57, 10, 239, 95, 41, 2, 139, 15, 169, 168, 88, 168, 60, 74, 28, 212]
[1, 39, 241, 98, 26, 171, 100, 139, 230, 245, 25, 103, 86, 0, 161, 67, 160, 243, 248, 46, 10, 152, 42, 169, 21, 100, 122, 133, 12, 190, 175, 29]
[3, 164, 176, 218, 112, 5, 125, 160, 233, 81, 62, 67, 108, 186, 173, 224, 191, 10, 171, 42, 238, 248, 106, 138, 221, 23, 126, 95, 168, 88, 97, 206]
[1, 17, 112, 191, 78, 60, 214, 144, 51, 253, 19, 141, 219, 66, 61, 104, 228, 206, 24, 221, 123, 119, 213, 169, 186, 38, 132, 40, 114, 24, 142, 25]
[0, 41, 62, 170, 168, 93, 11, 2, 107, 148, 196, 142, 253, 230, 164, 218, 34, 19, 233, 213, 33, 42, 241, 147, 213, 75, 240, 123, 1, 127, 88, 221]
[3, 71, 4, 127, 141, 56, 211, 104, 1, 32, 67, 127, 151, 38, 217, 164, 140, 73, 129, 11, 28, 147, 237, 233, 86, 238, 111, 40, 147, 153, 92, 66]
[5, 124, 92, 52, 9, 34, 21, 191, 85, 33, 66, 205, 140, 162, 139, 51, 124, 70, 73, 229, 36, 28, 215, 228, 31, 192, 145, 165, 106, 239, 181, 138]
[4, 74, 27, 218, 28, 177, 253, 126, 173, 11, 81, 51, 239, 101, 250, 66, 2, 234, 6, 87, 105, 89, 187, 90, 233, 48, 30, 237, 38, 4, 169, 204]
[1, 211, 97, 194, 70, 76, 84, 185, 116, 26, 143, 134, 39, 213, 238, 245, 251, 86, 82, 144, 84, 4, 3, 30, 182, 67, 2, 237, 6, 88, 64, 114]
[3, 82, 206, 141, 207, 251, 25, 68, 205, 92, 9, 108, 226, 86, 240, 170, 54, 122, 103, 209, 146, 125, 190, 170, 5, 6, 149, 221, 174, 48, 181, 95]
[1, 10, 30, 40, 27, 215, 158, 51, 86, 131, 180, 54, 8, 210, 225, 196, 0, 62, 202, 140, 137, 126, 152, 55, 7, 203, 210, 107, 129, 156, 16, 53]
[7, 231, 194, 217, 196, 143, 174, 211, 243, 60, 142, 172, 15, 124, 151, 196, 100, 201, 85, 163, 185, 59, 88, 197, 58, 64, 159, 23, 245, 69, 75, 217]
[3, 89, 83, 119, 250, 31, 64, 193, 248, 120, 144, 233, 133, 95, 181, 242, 24, 254, 152, 56, 252, 4, 29, 208, 164, 142, 3, 138, 115, 177, 187, 223]
[4, 226, 42, 162, 113, 169, 137, 236, 58, 129, 205, 184, 8, 132, 36, 61, 56, 215, 229, 19, 3, 101, 64, 66, 241, 123, 178, 2, 241, 185, 146, 204]
[2, 193, 180, 83, 189, 157, 77, 60, 163, 215, 32, 154, 32, 66, 120, 152, 45, 251, 249, 172, 151, 16, 143, 202, 209, 202, 148, 138, 147, 20, 55, 209]
[2, 150, 206, 210, 207, 37, 160, 156, 120, 13, 194, 159, 206, 66, 135, 93, 109, 85, 209, 250, 89, 253, 237, 9, 1, 8, 68, 114, 204, 90, 100, 148]
[6, 70, 194, 77, 211, 229, 238, 251, 98, 61, 98, 0, 116, 206, 180, 77, 72, 52, 202, 59, 3, 232, 212, 12, 25, 156, 105, 58, 249, 238, 146, 227]
[7, 146, 240, 219, 238, 250, 242, 20, 9, 96, 177, 110, 198, 90, 178, 22, 44, 112, 148, 58, 208, 25, 182, 113, 157, 161, 233, 70, 251, 246, 113, 212]
[5, 210, 150, 29, 64, 203, 249, 205, 87, 76, 152, 218, 134, 110, 48, 158, 213, 19, 104, 216, 74, 224, 167, 65, 103, 177, 103, 86, 172, 66, 170, 174]
[5, 7, 207, 187, 90, 230, 135, 69, 77, 202, 29, 91, 255, 101, 74, 243, 233, 117, 85, 75, 207, 242, 229, 178, 65, 116, 178, 76, 179, 115, 190, 236]
[4, 48, 205, 71, 0, 4, 127, 10, 199, 223, 34, 249, 142, 56, 104, 114, 51, 82, 236, 51, 173, 209, 200, 243, 252, 8, 67, 164, 214, 122, 104, 223]
[0, 164, 222, 179, 130, 74, 154, 139, 128, 33, 67, 206, 75, 93, 130, 179, 9, 51, 202, 219, 81, 201, 228, 77, 186, 37, 173, 33, 51, 73, 179, 119]
[1, 160, 28, 128, 124, 219, 174, 233, 169, 241, 201, 187, 159, 46, 87, 31, 186, 237, 95, 184, 181, 41, 110, 27, 11, 41, 70, 55, 131, 97, 251, 30]
[0, 57, 187, 139, 66, 22, 22, 228, 249, 245, 227, 129, 163, 122, 150, 30, 68, 251, 21, 39, 179, 15, 183, 202, 109, 10, 65, 138, 93, 31, 36, 146]
[7, 38, 90, 183, 169, 41, 3, 215, 239, 148, 71, 42, 20, 10, 37, 199, 34, 127, 150, 149, 39, 87, 14, 133, 83, 189, 168, 56, 6, 201, 119, 101]
[1, 50, 223, 197, 22, 131, 49, 99, 250, 114, 63, 162, 155, 114, 234, 38, 84, 192, 159, 89, 47, 170, 107, 194, 248, 9, 59, 251, 124, 117, 117, 20]
[3, 208, 151, 63, 211, 47, 88, 25, 115, 164, 167, 7, 202, 63, 146, 23, 203, 102, 62, 104, 227, 20, 112, 138, 212, 73, 171, 5, 248, 107, 239, 7]
[5, 10, 193, 192, 72, 243, 144, 0, 229, 104, 171, 26, 236, 241, 100, 0, 51, 3, 116, 232, 29, 247, 16, 238, 174, 115, 6, 196, 56, 11, 132, 226]
[6, 124, 186, 251, 98, 44, 143, 175, 9, 134, 161, 201, 54, 199, 0, 66, 204, 242, 27, 236, 175, 216, 44, 103, 108, 50, 6, 246, 1, 233, 85, 246]
[7, 216, 235, 60, 137, 226, 6, 215, 196, 226, 118, 174, 22, 90, 37, 61, 246, 246, 4, 233, 219, 166, 154, 189, 51, 119, 176, 19, 137, 56, 177, 188]
[3, 26, 190, 34, 6, 75, 106, 64, 238, 17, 19, 191, 162, 182, 35, 89, 175, 228, 207, 96, 197, 150, 243, 136, 150, 162, 169, 124, 252, 103, 24, 225]
[4, 188, 63, 23, 51, 202, 120, 88, 146, 19, 112, 234, 122, 128, 202, 198, 217, 115, 241, 155, 172, 37, 234, 239, 92, 161, 94, 107, 216, 116, 102, 140]
[7, 213, 192, 186, 171, 176, 239, 133, 214, 238, 7, 97, 38, 114, 118, 212, 193, 58, 140, 121, 58, 115, 228, 67, 52, 40, 44, 179, 167, 102, 165, 134]
[7, 3, 49, 38, 49, 112, 57, 253, 218, 166, 78, 123, 235, 134, 130, 141, 133, 190, 230, 213, 160, 172, 30, 20, 49, 197, 168, 28, 164, 13, 37, 2]
[2, 152, 194, 117, 127, 160, 3, 221, 62, 55, 178, 112, 120, 29, 141, 143, 154, 79, 82, 182, 180, 55, 127, 19, 248, 38, 217, 114, 171, 208, 62, 112]
[3, 7, 139, 222, 19, 98, 148, 12, 4, 228, 236, 65, 97, 154, 88, 103, 253, 220, 39, 152, 50, 104, 56, 177, 55, 20, 16, 219, 223, 140, 120, 240]
[0, 24, 166, 205, 215, 68, 183, 152, 30, 150, 67, 170, 148, 113, 30, 16, 172, 239, 55, 35, 162, 216, 124, 135, 6, 94, 15, 86, 212, 63, 110, 82]
[5, 215, 221, 207, 191, 114, 8, 247, 39, 203, 170, 248, 91, 90, 38, 103, 168, 84, 194, 64, 211, 148, 141, 17, 68, 203, 47, 114, 156, 217, 238, 133]
[4, 219, 209, 215, 243, 180, 25, 1, 132, 13, 161, 139, 197, 58, 77, 244, 156, 35, 228, 93, 76, 18, 55, 237, 157, 237, 11, 193, 92, 132, 169, 11]
[0, 67, 179, 245, 107, 122, 14, 184, 202, 247, 11, 190, 39, 65, 70, 8, 215, 71, 15, 11, 13, 164, 121, 166, 186, 177, 19, 104, 125, 249, 18, 89]
[0, 8, 112, 71, 130, 204, 6, 151, 121, 39, 136, 213, 222, 240, 48, 155, 25, 118, 231, 231, 21, 237, 154, 163, 70, 101, 83, 15, 154, 231, 203, 41]
[3, 166, 109, 110, 31, 144, 222, 28, 71, 142, 133, 92, 167, 231, 85, 150, 254, 78, 140, 146, 88, 61, 67, 29, 237, 51, 181, 54, 188, 11, 187, 158]
[7, 71, 118, 223, 174, 75, 44, 159, 37, 171, 165, 146, 85, 140, 189, 14, 216, 244, 248, 106, 161, 113, 90, 5, 183, 0, 100, 6, 231, 120, 183, 168]
[4, 207, 189, 214, 26, 164, 238, 9, 158, 82, 221, 40, 72, 93, 150, 73, 151, 165, 244, 102, 95, 9, 117, 197, 131, 249, 146, 8, 243, 180, 66, 198]
[1, 30, 40, 60, 72, 115, 32, 132, 214, 117, 70, 29, 65, 80, 25, 244, 159, 60, 145, 29, 149, 180, 21, 88, 146, 38, 46, 125, 225, 233, 146, 107]
[4, 160, 119, 212, 102, 16, 244, 204, 92, 175, 102, 175, 182, 41, 238, 201, 195, 57, 207, 75, 80, 119, 7, 112, 216, 90, 223, 164, 197, 13, 84, 209]
[1, 214, 242, 246, 89, 30, 202, 220, 176, 156, 242, 113, 222, 193, 59, 134, 220, 99, 89, 197, 221, 30, 87, 162, 254, 240, 37, 165, 116, 88, 15, 15]
[3, 3, 217, 207, 77, 43, 59, 255, 68, 159, 107, 182, 184, 95, 95, 86, 50, 98, 141, 110, 253, 18, 207, 142, 52, 91, 229, 166, 217, 85, 17, 18]
[5, 89, 229, 228, 162, 116, 192, 177, 235, 209, 26, 168, 211, 191, 124, 21, 53, 140, 248, 174, 161, 3, 194, 29, 64, 130, 199, 144, 130, 177, 81, 11]
[1, 70, 181, 196, 130, 199, 126, 59, 87, 200, 133, 34, 30, 197, 189, 156, 60, 187, 178, 179, 57, 218, 29, 80, 67, 93, 7, 179, 37, 249, 52, 144]
[3, 168, 193, 12, 1, 99, 15, 56, 217, 56, 191, 29, 11, 210, 87, 175, 216, 134, 138, 128, 67, 162, 84, 195, 41, 56, 168, 99, 145, 90, 40, 80]
[2, 196, 37, 213, 87, 192, 204, 252, 40, 231, 11, 81, 130, 104, 86, 104, 78, 73, 110, 224, 78, 226, 162, 235, 203, 160, 165, 231, 7, 213, 222, 149]
[0, 127, 192, 54, 26, 216, 45, 235, 187, 22, 195, 29, 111, 178, 23, 16, 89, 157, 92, 89, 140, 50, 18, 125, 26, 30, 242, 254, 217, 37, 234, 76]
[3, 184, 167, 53, 239, 75, 98, 163, 63, 242, 249, 213, 187, 108, 222, 107, 86, 27, 10, 190, 105, 109, 45, 100, 184, 164, 141, 38, 150, 104, 11, 239]
[0, 141, 64, 54, 131, 213, 72, 87, 72, 161, 31, 148, 131, 205, 237, 7, 120, 147, 109, 26, 175, 158, 97, 111, 164, 200, 1, 209, 80, 52, 118, 114]
[4, 185, 220, 196, 252, 234, 171, 69, 66, 0, 39, 3, 45, 118, 166, 105, 224, 38, 200, 114, 223, 220, 231, 106, 159, 106, 65, 186, 233, 98, 128, 209]
[1, 194, 206, 7, 184, 224, 68, 18, 71, 220, 110, 233, 18, 115, 199, 205, 143, 7, 253, 221, 115, 41, 194, 233, 43, 228, 93, 44, 98, 166, 10, 66]
[7, 223, 44, 200, 77, 224, 222, 26, 136, 8, 245, 57, 58, 241, 108, 85, 110, 177, 211, 185, 141, 26, 5, 156, 30, 147, 36, 209, 25, 30, 228, 103]
[6, 232, 130, 136, 175, 209, 249, 80, 11, 176, 48, 88, 71, 108, 64, 130, 81, 82, 195, 107, 222, 149, 83, 43, 234, 147, 248, 237, 193, 153, 190, 216]
[5, 250, 107, 15, 212, 177, 94, 49, 135, 225, 132, 244, 143, 183, 227, 216, 35, 5, 168, 84, 255, 77, 8, 69, 252, 183, 115, 119, 35, 68, 193, 227]
[2, 228, 197, 104, 146, 78, 152, 105, 211, 10, 238, 172, 53, 0, 245, 2, 174, 204, 121, 144, 89, 155, 230, 140, 155, 199, 124, 43, 106, 196, 204, 126]
[5, 152, 61, 211, 86, 216, 178, 221, 23, 237, 141, 26, 186, 11, 111, 49, 73, 7, 24, 194, 54, 192, 118, 65, 243, 82, 62, 10, 2, 198, 221, 207]
[3, 195, 242, 130, 178, 85, 210, 42, 91, 64, 147, 178, 88, 29, 5, 243, 9, 219, 57, 34, 60, 28, 79, 31, 58, 44, 220, 54, 141, 220, 208, 55]
[7, 126, 68, 11, 226, 140, 113, 142, 249, 147, 83, 235, 136, 47, 66, 137, 179, 128, 142, 118, 86, 96, 88, 227, 18, 172, 98, 220, 104, 110, 169, 120]
[2, 241, 196, 225, 89, 172, 246, 49, 199, 10, 141, 160, 113, 164, 131, 40, 169, 148, 230, 212, 103, 76, 164, 178, 136, 12, 205, 166, 62, 106, 22, 183]
[5, 15, 8, 26, 236, 83, 131, 208, 197, 201, 133, 192, 89, 248, 78, 133, 178, 69, 74, 37, 17, 166, 122, 49, 16, 61, 168, 187, 56, 96, 48, 232]
[4, 176, 48, 117, 61, 173, 103, 182, 178, 251, 110, 250, 32, 92, 253, 255, 210, 203, 189, 68, 63, 118, 16, 166, 33, 40, 55, 145, 26, 8, 74, 52]
[4, 166, 27, 30, 177, 55, 60, 14, 71, 181, 109, 53, 81, 61, 130, 234, 241, 32, 255, 110, 63, 4, 115, 24, 18, 136, 48, 245, 60, 231, 8, 122]
[5, 13, 59, 133, 113, 78, 236, 64, 129, 145, 136, 128, 135, 179, 166, 203, 205, 30, 132, 160, 214, 193, 75, 231, 235, 81, 152, 96, 252, 84, 159, 211]
[2, 17, 140, 1, 17, 91, 138, 202, 166, 124, 41, 19, 128, 10, 56, 140, 112, 67, 132, 62, 171, 47, 207, 157, 116, 132, 4, 1, 192, 25, 104, 22]
[6, 186, 212, 7, 186, 238, 133, 232, 95, 224, 75, 93, 46, 195, 232, 164, 254, 27, 40, 60, 112, 52, 253, 172, 79, 207, 208, 214, 181, 163, 44, 223]
[6, 97, 44, 61, 237, 99, 196, 3, 103, 112, 202, 63, 78, 244, 194, 55, 163, 208, 20, 61, 66, 93, 95, 233, 112, 190, 83, 160, 72, 213, 157, 125]
[2, 182, 202, 89, 207, 205, 7, 230, 12, 98, 99, 26, 158, 136, 23, 12, 81, 236, 39, 198, 203, 24, 102, 138, 115, 88, 191, 64, 63, 232, 157, 93]
[0, 162, 110, 242, 146, 39, 201, 242, 102, 82, 1, 106, 95, 167, 105, 108, 211, 76, 229, 180, 3, 207, 193, 113, 29, 11, 208, 6, 6, 62, 144, 63]
[1, 233, 6, 147, 249, 163, 141, 165, 153, 64, 150, 235, 38, 205, 253, 36, 239, 226, 162, 164, 80, 145, 83, 159, 223, 161, 249, 249, 244, 63, 231, 252]
[0, 38, 84, 115, 162, 66, 123, 106, 51, 108, 66, 191, 19, 171, 66, 61, 99, 102, 38, 171, 205, 168, 237, 242, 87, 117, 74, 222, 60, 218, 227, 40]
[0, 151, 40, 30, 78, 24, 136, 210, 146, 82, 207, 253, 3, 87, 174, 116, 78, 186, 156, 232, 34, 180, 204, 217, 19, 201, 156, 184, 124, 78, 5, 12]
[1, 121, 10, 36, 26, 130, 180, 184, 181, 20, 43, 28, 19, 240, 197, 69, 77, 107, 149, 195, 163, 42, 29, 184, 116, 211, 147, 208, 60, 94, 62, 248]
[5, 221, 251, 196, 6, 3, 48, 116, 174, 243, 154, 242, 210, 248, 213, 126, 188, 5, 198, 187, 29, 116, 151, 170, 30, 61, 112, 198, 14, 142, 149, 203]
[1, 153, 214, 183, 93, 195, 88, 209, 236, 10, 114, 131, 41, 63, 220, 153, 72, 107, 119, 111, 6, 160, 213, 164, 81, 101, 219, 105, 194, 196, 95, 150]
[7, 153, 47, 230, 9, 230, 180, 183, 166, 116, 144, 210, 202, 29, 251, 168, 123, 112, 132, 28, 207, 156, 216, 184, 56, 135, 11, 118, 180, 231, 52, 220]
[7, 166, 59, 34, 75, 66, 202, 21, 72, 154, 16, 95, 28, 159, 66, 184, 44, 165, 160, 73, 84, 140, 27, 169, 215, 156, 191, 179, 130, 207, 189, 235]
[3, 2, 156, 108, 99, 220, 19, 110, 219, 36, 127, 16, 138, 124, 124, 209, 250, 132, 213, 94, 174, 27, 39, 84, 227, 126, 148, 110, 74, 80, 216, 145]
[1, 121, 176, 103, 74, 87, 103, 122, 209, 137, 58, 170, 160, 163, 253, 40, 213, 9, 95, 198, 250, 33, 55, 155, 59, 146, 88, 199, 13, 231, 6, 105]
[2, 40, 175, 41, 241, 223, 209, 197, 130, 176, 175, 77, 246, 95, 45, 185, 65, 234, 104, 160, 176, 244, 108, 35, 33, 110, 152, 56, 69, 134, 227, 139]
[3, 131, 135, 241, 228, 87, 6, 242, 89, 252, 13, 126, 122, 57, 248, 141, 20, 196, 35, 36, 123, 15, 7, 100, 225, 115, 26, 248, 218, 241, 153, 106]
[2, 13, 158, 163, 237, 104, 99, 221, 46, 26, 52, 73, 45, 91, 93, 98, 247, 65, 210, 94, 79, 158, 177, 189, 132, 245, 215, 168, 159, 203, 74, 198]
[0, 98, 74, 100, 230, 92, 220, 34, 129, 45, 200, 244, 12, 142, 21, 180, 33, 244, 219, 181, 190, 140, 219, 248, 206, 46, 207, 172, 233, 237, 209, 62]
[3, 33, 58, 115, 35, 73, 36, 15, 120, 224, 28, 229, 77, 19, 191, 148, 118, 155, 237, 152, 193, 131, 2, 142, 3, 146, 222, 254, 138, 163, 29, 114]
[5, 186, 226, 243, 54, 157, 0, 222, 253, 227, 27, 239, 27, 202, 106, 111, 68, 240, 136, 234, 75, 165, 226, 222, 30, 126, 139, 225, 92, 105, 139, 216]
[7, 67, 6, 179, 16, 18, 239, 79, 130, 155, 142, 218, 10, 119, 101, 110, 123, 18, 213, 112, 152, 197, 6, 228, 55, 138, 13, 119, 5, 107, 43, 66]
[3, 201, 137, 73, 216, 206, 141, 162, 76, 101, 109, 187, 23, 111, 251, 224, 177, 220, 136, 226, 220, 14, 191, 227, 251, 160, 207, 246, 191, 135, 200, 18]
[2, 163, 217, 54, 66, 12, 35, 229, 144, 126, 35, 35, 126, 226, 168, 227, 131, 121, 205, 73, 49, 67, 19, 90, 172, 83, 82, 232, 57, 238, 185, 183]
[2, 116, 26, 61, 93, 57, 90, 232, 143, 145, 159, 85, 172, 181, 128, 231, 211, 70, 189, 5, 139, 195, 161, 243, 32, 114, 174, 194, 74, 38, 46, 29]
[2, 155, 196, 214, 236, 24, 99, 194, 101, 7, 228, 86, 236, 124, 196, 38, 146, 26, 204, 201, 65, 57, 21, 91, 221, 167, 30, 122, 83, 203, 197, 186]
[6, 234, 255, 89, 224, 58, 145, 87, 98, 14, 231, 50, 2, 177, 203, 153, 86, 158, 8, 204, 202, 184, 78, 154, 45, 109, 173, 243, 100, 159, 200, 69]
[7, 212, 211, 40, 251, 191, 79, 183, 141, 78, 181, 200, 98, 59, 127, 201, 173, 87, 156, 66, 1, 100, 160, 212, 90, 91, 206, 205, 196, 236, 204, 31]
[7, 14, 180, 198, 86, 84, 103, 243, 83, 29, 244, 247, 185, 4, 113, 165, 157, 204, 227, 112, 108, 32, 153, 186, 156, 82, 99, 231, 135, 158, 253, 22]
[5, 71, 0, 59, 29, 140, 27, 92, 244, 107, 136, 42, 101, 14, 213, 111, 30, 152, 247, 234, 102, 205, 161, 193, 140, 0, 107, 77, 158, 165, 172, 50]
[0, 125, 113, 170, 241, 241, 150, 11, 120, 221, 236, 38, 147, 105, 72, 170, 46, 176, 48, 102, 237, 6, 7, 147, 33, 156, 1, 138, 193, 231, 240, 85]
[4, 14, 182, 61, 8, 138, 89, 165, 17, 67, 167, 104, 142, 72, 183, 113, 5, 90, 106, 90, 153, 124, 29, 36, 87, 173, 19, 15, 122, 70, 247, 131]
[0, 81, 13, 160, 41, 144, 127, 100, 78, 85, 50, 220, 82, 240, 26, 210, 47, 126, 15, 61, 165, 150, 150, 234, 41, 188, 242, 11, 100, 21, 93, 27]
[7, 206, 96, 204, 217, 246, 147, 226, 176, 228, 51, 52, 129, 235, 90, 26, 36, 147, 136, 252, 105, 104, 46, 96, 27, 233, 230, 71, 28, 103, 40, 178]
[4, 90, 203, 135, 76, 19, 102, 184, 209, 197, 251, 85, 17, 202, 54, 193, 218, 96, 104, 40, 4, 238, 224, 203, 238, 66, 148, 157, 44, 23, 193, 207]
[2, 182, 114, 140, 237, 222, 195, 129, 61, 30, 246, 20, 108, 179, 42, 76, 71, 78, 211, 203, 113, 45, 126, 166, 180, 139, 170, 103, 135, 114, 102, 107]
[5, 244, 192, 213, 186, 30, 241, 50, 92, 140, 194, 246, 104, 158, 209, 195, 86, 195, 41, 23, 1, 170, 159, 84, 112, 237, 188, 229, 44, 161, 78, 89]
[4, 151, 200, 140, 159, 174, 212, 94, 145, 226, 174, 73, 246, 180, 121, 210, 164, 76, 41, 26, 60, 64, 10, 128, 51, 230, 164, 240, 89, 20, 195, 128]
[1, 59, 54, 218, 226, 51, 245, 174, 10, 122, 56, 151, 62, 140, 191, 5, 186, 131, 84, 178, 100, 68, 240, 223, 70, 64, 102, 61, 235, 176, 122, 130]
[4, 133, 95, 101, 122, 65, 42, 82, 176, 208, 143, 172, 217, 4, 70, 87, 53, 223, 128, 164, 246, 120, 220, 210, 101, 245, 18, 146, 227, 67, 101, 196]
[5, 80, 192, 197, 199, 193, 92, 162, 192, 193, 38, 64, 69, 26, 208, 84, 168, 26, 227, 104, 207, 241, 89, 130, 225, 40, 54, 87, 205, 129, 238, 96]
[0, 107, 158, 114, 47, 128, 42, 94, 231, 117, 118, 4, 225, 234, 14, 219, 232, 133, 197, 5, 117, 103, 217, 33, 62, 121, 79, 135, 139, 192, 67, 153]
[3, 64, 140, 237, 52, 47, 207, 127, 160, 158, 63, 117, 25, 96, 61, 129, 96, 99, 40, 185, 203, 187, 117, 201, 0, 6, 111, 137, 167, 25, 152, 127]
[7, 197, 118, 36, 89, 57, 37, 193, 218, 120, 218, 71, 18, 203, 120, 253, 157, 189, 104, 39, 10, 244, 92, 122, 10, 180, 194, 210, 111, 133, 80, 214]
[3, 182, 178, 243, 169, 139, 232, 233, 134, 202, 234, 249, 51, 255, 42, 158, 220, 226, 204, 158, 38, 230, 165, 103, 78, 51, 115, 79, 195, 211, 56, 180]
[7, 171, 150, 101, 57, 65, 144, 15, 10, 82, 225, 33, 151, 160, 17, 226, 192, 179, 147, 156, 46, 156, 200, 48, 232, 33, 211, 159, 106, 141, 182, 215]
[6, 242, 214, 178, 218, 98, 202, 211, 146, 233, 188, 33, 56, 173, 22, 227, 135, 241, 158, 169, 141, 118, 249, 128, 186, 27, 180, 184, 43, 127, 13, 23]
[6, 198, 117, 135, 140, 169, 175, 44, 185, 251, 12, 201, 146, 132, 218, 226, 181, 255, 162, 154, 112, 216, 118, 189, 118, 153, 157, 210, 234, 206, 192, 36]
[4, 64, 143, 84, 142, 106, 71, 157, 91, 113, 9, 145, 110, 137, 101, 157, 192, 136, 16, 202, 249, 162, 54, 156, 67, 120, 58, 88, 138, 118, 196, 189]
[2, 145, 125, 219, 128, 34, 40, 49, 104, 11, 193, 98, 193, 82, 151, 43, 218, 8, 139, 254, 29, 16, 102, 74, 127, 158, 141, 229, 166, 217, 21, 115]
[2, 233, 156, 113, 1, 178, 190, 5, 89, 183, 128, 75, 172, 174, 8, 193, 195, 30, 12, 107, 86, 149, 208, 80, 59, 78, 16, 74, 197, 116, 248, 155]
[1, 251, 149, 221, 94, 70, 185, 31, 182, 9, 5, 180, 11, 72, 134, 16, 253, 183, 213, 171, 229, 2, 189, 37, 183, 130, 33, 15, 211, 53, 159, 36]
[7, 131, 94, 190, 102, 57, 58, 95, 13, 182, 104, 189, 41, 117, 157, 136, 68, 246, 250, 66, 51, 87, 60, 242, 185, 13, 198, 177, 48, 176, 117, 200]
[6, 18, 61, 130, 195, 122, 128, 39, 145, 8, 158, 211, 68, 131, 147, 98, 122, 210, 220, 33, 218, 12, 100, 60, 193, 141, 75, 193, 7, 252, 185, 26]
[7, 65, 30, 249, 63, 41, 100, 11, 211, 207, 133, 254, 220, 39, 73, 58, 14, 95, 7, 230, 189, 27, 176, 103, 114, 166, 18, 189, 133, 117, 2, 49]
[5, 3, 22, 230, 84, 141, 142, 123, 113, 188, 214, 70, 96, 163, 113, 124, 103, 138, 208, 244, 230, 182, 252, 56, 31, 141, 61, 128, 93, 160, 186, 14]
[4, 54, 9, 17, 176, 91, 129, 73, 117, 81, 121, 53, 16, 128, 92, 1, 102, 43, 12, 94, 109, 128, 193, 167, 10, 70, 86, 27, 49, 23, 211, 11]
[1, 15, 243, 146, 200, 163, 0, 133, 78, 16, 84, 233, 173, 173, 215, 157, 200, 215, 234, 102, 41, 14, 244, 97, 160, 18, 48, 229, 127, 220, 140, 133]
[3, 6, 147, 130, 225, 208, 55, 126, 235, 214, 251, 40, 54, 120, 164, 170, 235, 14, 229, 36, 87, 139, 87, 98, 234, 169, 33, 169, 72, 251, 243, 87]
[7, 175, 86, 55, 158, 153, 219, 11, 116, 245, 141, 147, 182, 106, 187, 177, 168, 112, 57, 151, 159, 20, 109, 178, 245, 176, 242, 233, 170, 88, 200, 94]
[1, 196, 232, 65, 63, 68, 122, 93, 139, 2, 192, 171, 142, 150, 144, 248, 58, 118, 1, 17, 82, 101, 71, 43, 153, 190, 197, 195, 24, 59, 159, 221]
[5, 66, 28, 197, 23, 116, 7, 20, 67, 157, 198, 204, 123, 254, 92, 182, 25, 77, 53, 247, 136, 230, 195, 118, 96, 235, 218, 37, 161, 149, 97, 238]
[3, 254, 107, 43, 105, 9, 204, 97, 33, 56, 107, 193, 40, 0, 248, 217, 252, 235, 85, 229, 30, 98, 142, 165, 14, 226, 47, 85, 82, 27, 189, 69]
[1, 188, 157, 19, 173, 70, 116, 132, 135, 157, 183, 82, 167, 113, 122, 17, 102, 220, 207, 127, 81, 41, 158, 47, 223, 96, 129, 132, 62, 109, 182, 147]
[7, 45, 120, 53, 146, 255, 53, 141, 109, 29, 128, 244, 78, 80, 32, 232, 192, 182, 153, 238, 152, 211, 58, 157, 132, 123, 167, 148, 23, 64, 182, 19]
[3, 174, 231, 112, 66, 236, 154, 150, 162, 77, 221, 118, 18, 105, 12, 220, 189, 147, 216, 0, 29, 99, 47, 161, 119, 40, 87, 41, 120, 221, 55, 242]
[1, 176, 149, 184, 236, 101, 255, 17, 174, 141, 249, 71, 231, 126, 62, 200, 208, 157, 12, 59, 205, 63, 153, 50, 64, 233, 27, 189, 117, 253, 133, 3]
[0, 66, 32, 73, 240, 179, 51, 193, 191, 46, 151, 188, 82, 244, 241, 120, 45, 209, 206, 22, 0, 19, 6, 247, 18, 7, 194, 156, 183, 165, 48, 139]
[4, 95, 6, 10, 135, 255, 117, 24, 58, 246, 123, 176, 14, 140, 223, 207, 122, 135, 6, 86, 43, 85, 104, 249, 63, 202, 242, 71, 168, 102, 130, 11]

[6, 73, 199, 14, 65, 94, 224, 37, 84, 134, 13, 38, 243, 59, 214, 174, 18, 96, 218, 107, 161, 37, 197, 238, 121, 79, 92, 239, 24, 239, 22, 192]
[5, 163, 173, 134, 217, 163, 14, 87, 171, 241, 141, 144, 136, 165, 195, 236, 247, 58, 120, 23, 175, 94, 135, 25, 27, 215, 240, 145, 108, 114, 16, 9]
[6, 61, 86, 25, 203, 47, 1, 156, 112, 2, 105, 60, 120, 157, 150, 182, 182, 247, 60, 128, 75, 125, 102, 93, 95, 59, 11, 238, 206, 82, 16, 149]
[2, 6, 52, 10, 101, 188, 128, 59, 131, 146, 151, 100, 21, 212, 196, 158, 155, 60, 96, 112, 23, 97, 30, 9, 208, 95, 54, 208, 112, 122, 123, 159]
[7, 203, 58, 45, 124, 42, 32, 62, 194, 164, 205, 58, 122, 164, 212, 246, 200, 82, 70, 2, 137, 158, 78, 33, 97, 234, 155, 88, 79, 114, 30, 148]
[1, 226, 18, 28, 216, 46, 146, 205, 211, 223, 227, 87, 145, 75, 176, 254, 206, 109, 136, 205, 91, 142, 89, 90, 84, 119, 183, 82, 242, 178, 186, 167]
[4, 249, 166, 99, 34, 215, 164, 184, 240, 4, 227, 146, 138, 113, 173, 25, 29, 223, 173, 25, 226, 255, 221, 205, 210, 110, 107, 115, 30, 152, 230, 103]
[4, 225, 72, 233, 5, 72, 10, 244, 43, 184, 150, 236, 236, 116, 71, 31, 222, 121, 0, 0, 221, 92, 201, 230, 164, 211, 128, 76, 212, 67, 230, 41]
[6, 15, 162, 11, 227, 166, 225, 252, 182, 48, 34, 209, 170, 200, 112, 117, 185, 167, 214, 85, 223, 100, 221, 214, 73, 179, 243, 106, 130, 37, 187, 150]
[0, 231, 236, 229, 77, 238, 38, 40, 218, 38, 47, 5, 67, 224, 77, 131, 151, 145, 245, 135, 161, 161, 102, 153, 3, 168, 237, 87, 33, 90, 71, 116]
[4, 98, 77, 103, 132, 118, 227, 15, 104, 242, 104, 160, 0, 96, 161, 113, 16, 210, 190, 234, 114, 120, 10, 106, 225, 155, 254, 68, 67, 91, 239, 109]
[6, 203, 23, 52, 99, 95, 81, 31, 146, 46, 82, 159, 174, 99, 5, 87, 152, 140, 214, 101, 21, 176, 104, 76, 184, 59, 81, 69, 161, 219, 144, 202]
[1, 135, 244, 12, 174, 30, 73, 92, 235, 146, 143, 49, 9, 19, 161, 136, 203, 105, 99, 33, 108, 36, 132, 137, 206, 60, 119, 31, 122, 123, 70, 70]
[4, 181, 249, 23, 194, 1, 247, 196, 232, 71, 49, 227, 89, 20, 81, 122, 146, 112, 103, 43, 44, 23, 172, 151, 204, 54, 176, 170, 19, 129, 243, 213]
[5, 220, 229, 239, 108, 95, 108, 87, 105, 185, 13, 58, 185, 39, 146, 221, 232, 155, 149, 193, 7, 103, 214, 17, 2, 111, 187, 93, 33, 1, 134, 45]
[0, 145, 229, 22, 114, 103, 190, 167, 49, 72, 6, 24, 118, 91, 50, 181, 180, 62, 55, 7, 179, 66, 83, 165, 255, 5, 90, 80, 193, 102, 130, 50]
[0, 172, 126, 102, 141, 36, 208, 177, 193, 253, 96, 138, 4, 203, 135, 182, 43, 246, 81, 63, 156, 17, 108, 249, 171, 63, 157, 142, 91, 134, 20, 163]
[6, 169, 123, 178, 161, 47, 213, 85, 199, 51, 250, 125, 17, 246, 20, 156, 36, 237, 84, 101, 46, 186, 73, 253, 2, 245, 78, 119, 99, 232, 254, 183]
[7, 53, 186, 195, 35, 1, 7, 118, 159, 78, 34, 159, 230, 20, 85, 122, 196, 182, 234, 185, 37, 144, 32, 18, 72, 18, 96, 201, 75, 189, 3, 239]
[6, 155, 109, 69, 234, 232, 210, 174, 164, 44, 76, 107, 118, 255, 238, 222, 92, 1, 97, 153, 244, 59, 0, 36, 65, 196, 250, 4, 228, 127, 107, 24]
[5, 111, 98, 66, 44, 36, 20, 22, 90, 40, 136, 171, 75, 149, 103, 70, 78, 122, 242, 77, 48, 114, 116, 6, 9, 180, 248, 62, 189, 86, 130, 84]
[2, 110, 152, 16, 102, 56, 103, 129, 253, 55, 227, 171, 125, 4, 187, 11, 247, 46, 200, 235, 239, 250, 7, 104, 133, 192, 134, 159, 56, 242, 248, 228]
[3, 178, 131, 159, 46, 43, 75, 9, 42, 96, 248, 98, 202, 233, 52, 165, 212, 164, 33, 209, 120, 166, 43, 110, 121, 30, 120, 0, 116, 13, 13, 49]
[3, 59, 55, 109, 101, 86, 27, 202, 81, 15, 104, 120, 205, 233, 82, 20, 233, 181, 156, 109, 176, 126, 16, 87, 234, 198, 14, 104, 85, 3, 207, 192]
[7, 53, 237, 118, 114, 90, 172, 237, 77, 244, 57, 209, 100, 80, 80, 75, 117, 213, 163, 15, 45, 214, 189, 81, 61, 195, 99, 105, 125, 47, 245, 25]
[5, 54, 229, 95, 117, 6, 196, 135, 202, 49, 52, 144, 132, 57, 114, 221, 219, 178, 196, 57, 236, 199, 172, 70, 13, 35, 176, 149, 77, 201, 7, 111]
[5, 231, 165, 74, 82, 78, 243, 215, 237, 28, 47, 89, 149, 20, 236, 231, 146, 154, 222, 156, 94, 182, 131, 8, 205, 122, 101, 45, 66, 100, 85, 116]
[6, 171, 143, 97, 168, 33, 57, 81, 224, 9, 161, 36, 83, 141, 189, 247, 248, 53, 124, 185, 122, 116, 175, 63, 244, 192, 120, 94, 191, 12, 232, 72]
[0, 48, 169, 199, 198, 138, 183, 212, 138, 57, 186, 90, 160, 103, 9, 205, 86, 217, 124, 89, 108, 234, 221, 6, 6, 213, 91, 204, 51, 1, 202, 187]
[5, 248, 167, 85, 217, 155, 241, 135, 68, 45, 41, 67, 133, 129, 163, 171, 210, 16, 138, 120, 5, 241, 37, 4, 200, 10, 233, 203, 153, 106, 248, 198]
[2, 168, 231, 181, 0, 129, 17, 132, 134, 109, 65, 228, 248, 192, 52, 205, 147, 12, 22, 79, 38, 103, 14, 60, 132, 255, 65, 130, 30, 92, 19, 112]
[2, 174, 103, 6, 162, 117, 55, 102, 60, 139, 169, 186, 65, 231, 41, 89, 209, 203, 111, 116, 164, 229, 123, 12, 59, 184, 172, 159, 182, 215, 202, 180]
[1, 58, 142, 196, 28, 234, 47, 210, 97, 8, 88, 158, 89, 230, 98, 96, 30, 97, 5, 54, 182, 211, 28, 139, 227, 218, 92, 154, 103, 103, 222, 223]
[2, 108, 161, 38, 149, 121, 88, 148, 68, 32, 102, 119, 117, 218, 69, 62, 136, 74, 12, 189, 254, 164, 164, 171, 190, 46, 83, 236, 235, 251, 161, 148]
[4, 207, 86, 253, 245, 156, 172, 120, 87, 139, 95, 115, 143, 187, 46, 74, 49, 65, 245, 221, 38, 148, 1, 50, 240, 233, 28, 18, 153, 192, 132, 124]
[2, 126, 15, 15, 239, 1, 130, 231, 117, 226, 180, 39, 28, 181, 204, 166, 30, 50, 241, 152, 159, 37, 181, 131, 138, 254, 77, 191, 208, 173, 103, 138]
[6, 198, 250, 146, 230, 231, 212, 33, 227, 92, 216, 191, 130, 39, 49, 37, 146, 218, 68, 201, 60, 217, 84, 156, 158, 155, 209, 140, 205, 6, 35, 26]
[6, 26, 178, 237, 144, 218, 118, 47, 46, 253, 205, 228, 204, 124, 77, 219, 187, 247, 226, 54, 2, 10, 204, 133, 245, 49, 96, 189, 67, 51, 148, 42]
[6, 158, 90, 193, 161, 16, 160, 148, 130, 55, 8, 201, 215, 245, 230, 163, 143, 16, 94, 22, 108, 61, 98, 153, 83, 113, 11, 189, 86, 63, 14, 132]
[7, 29, 151, 23, 202, 228, 133, 113, 80, 46, 244, 133, 73, 68, 33, 83, 92, 18, 34, 238, 248, 216, 88, 8, 255, 154, 99, 103, 19, 191, 32, 61]
[0, 215, 43, 24, 66, 127, 172, 69, 187, 16, 110, 108, 81, 102, 249, 248, 4, 215, 108, 243, 69, 164, 55, 232, 207, 75, 45, 188, 30, 35, 54, 200]
[5, 142, 131, 66, 82, 89, 200, 143, 63, 101, 47, 156, 163, 219, 200, 223, 22, 167, 83, 42, 113, 233, 60, 104, 249, 143, 133, 173, 207, 110, 225, 78]
[1, 168, 245, 254, 229, 169, 1, 57, 22, 232, 90, 191, 239, 1, 208, 230, 49, 94, 151, 18, 95, 132, 1, 53, 125, 213, 38, 100, 58, 81, 231, 160]
[2, 89, 174, 148, 196, 168, 246, 216, 33, 6, 226, 171, 254, 223, 86, 1, 129, 248, 128, 31, 117, 90, 76, 128, 141, 170, 17, 25, 103, 9, 16, 39]
[6, 44, 42, 219, 96, 235, 253, 254, 202, 57, 154, 106, 187, 250, 16, 232, 106, 216, 130, 249, 197, 123, 144, 24, 160, 194, 133, 135, 193, 32, 123, 128]
[1, 114, 38, 134, 19, 39, 231, 1, 129, 131, 216, 142, 211, 188, 8, 224, 75, 150, 94, 223, 101, 110, 40, 146, 166, 0, 117, 8, 128, 114, 111, 153]
[7, 231, 75, 251, 30, 81, 132, 191, 203, 183, 107, 215, 245, 34, 119, 199, 215, 185, 253, 82, 133, 154, 173, 216, 68, 82, 109, 32, 17, 255, 209, 151]
[7, 69, 178, 226, 233, 156, 234, 249, 197, 60, 189, 77, 195, 248, 134, 95, 68, 166, 253, 88, 230, 145, 28, 194, 175, 115, 140, 2, 21, 43, 156, 142]
[3, 86, 24, 45, 177, 1, 138, 149, 234, 9, 17, 103, 82, 77, 68, 87, 242, 199, 70, 202, 161, 144, 6, 7, 11, 27, 102, 124, 97, 182, 206, 212]
[7, 205, 97, 29, 171, 132, 4, 75, 168, 34, 210, 231, 97, 239, 93, 77, 214, 15, 185, 62, 4, 242, 248, 108, 102, 149, 179, 177, 51, 115, 32, 123]
[5, 64, 226, 59, 140, 182, 10, 253, 135, 136, 204, 179, 157, 251, 246, 114, 124, 75, 171, 66, 138, 87, 183, 84, 206, 202, 4, 210, 85, 226, 14, 48]
[0, 126, 146, 225, 38, 71, 171, 196, 81, 30, 29, 175, 189, 225, 231, 219, 36, 193, 80, 47, 189, 238, 245, 96, 29, 152, 192, 143, 177, 16, 162, 162]
[1, 230, 192, 160, 0, 14, 219, 97, 164, 221, 239, 161, 53, 110, 43, 27, 77, 19, 88, 225, 81, 186, 182, 105, 76, 33, 83, 161, 110, 23, 216, 69]
[7, 86, 236, 143, 74, 150, 248, 87, 233, 154, 15, 248, 28, 120, 108, 26, 202, 230, 245, 57, 111, 65, 92, 186, 105, 55, 113, 117, 126, 203, 168, 146]
[0, 36, 45, 101, 238, 173, 22, 71, 96, 27, 81, 138, 169, 34, 57, 72, 78, 114, 108, 221, 19, 144, 125, 96, 30, 248, 224, 227, 173, 178, 38, 155]
[1, 15, 138, 243, 133, 157, 248, 47, 65, 50, 51, 242, 98, 174, 77, 140, 202, 202, 206, 205, 56, 42, 132, 6, 17, 66, 179, 154, 72, 169, 160, 149]
[4, 96, 109, 171, 184, 137, 220, 141, 249, 54, 230, 134, 137, 6, 121, 108, 141, 37, 134, 151, 40, 238, 32, 177, 254, 61, 7, 95, 105, 225, 18, 218]
[7, 135, 101, 211, 6, 76, 186, 54, 47, 232, 135, 62, 172, 252, 115, 18, 207, 22, 169, 36, 74, 253, 56, 255, 163, 4, 65, 242, 74, 136, 203, 98]
[5, 78, 107, 93, 47, 23, 150, 9, 103, 16, 248, 179, 193, 191, 25, 83, 198, 129, 86, 59, 151, 135, 111, 228, 156, 176, 142, 188, 10, 201, 85, 108]
[4, 53, 108, 254, 101, 35, 246, 212, 95, 1, 5, 196, 105, 99, 199, 85, 155, 56, 14, 91, 158, 205, 78, 143, 224, 177, 117, 149, 167, 186, 97, 102]
[6, 223, 220, 209, 169, 63, 204, 241, 14, 47, 206, 62, 104, 247, 132, 169, 48, 125, 43, 68, 240, 27, 214, 168, 168, 125, 49, 28, 149, 6, 75, 55]
[4, 187, 69, 0, 81, 219, 135, 119, 3, 50, 101, 4, 118, 71, 199, 107, 144, 248, 27, 0, 106, 214, 242, 91, 36, 104, 205, 218, 35, 23, 40, 165]
[4, 235, 143, 54, 205, 197, 185, 144, 228, 62, 119, 162, 70, 200, 130, 147, 240, 240, 78, 22, 13, 20, 151, 105, 12, 9, 138, 195, 208, 108, 74, 146]
[6, 198, 212, 29, 97, 46, 104, 242, 55, 84, 113, 97, 2, 25, 89, 231, 235, 212, 21, 17, 203, 27, 243, 24, 9, 46, 162, 188, 220, 85, 230, 8]
[7, 84, 188, 45, 20, 182, 219, 69, 205, 148, 44, 40, 38, 183, 179, 15, 206, 139, 114, 228, 139, 143, 178, 218, 141, 95, 165, 152, 109, 255, 110, 105]
[2, 11, 138, 116, 14, 255, 110, 198, 109, 245, 65, 172, 187, 145, 148, 73, 239, 45, 26, 157, 87, 188, 136, 61, 112, 230, 53, 211, 236, 107, 3, 160]
[4, 142, 30, 47, 222, 221, 200, 182, 83, 51, 59, 33, 209, 125, 207, 37, 198, 142, 69, 208, 61, 213, 112, 90, 201, 14, 131, 48, 56, 134, 86, 238]
[1, 133, 99, 195, 126, 183, 219, 247, 133, 176, 181, 200, 203, 80, 244, 48, 214, 252, 245, 74, 18, 131, 63, 210, 239, 30, 64, 244, 157, 55, 211, 182]
[0, 251, 33, 92, 6, 211, 21, 129, 119, 219, 131, 245, 26, 37, 71, 48, 123, 222, 158, 211, 19, 187, 9, 176, 250, 152, 99, 100, 7, 101, 170, 138]
[4, 241, 183, 6, 187, 203, 165, 165, 194, 245, 3, 203, 1, 159, 139, 246, 106, 221, 191, 189, 205, 32, 98, 169, 207, 205, 166, 190, 56, 1, 143, 204]
[1, 188, 88, 198, 187, 199, 128, 14, 139, 69, 123, 241, 139, 80, 168, 122, 253, 247, 123, 109, 177, 41, 16, 215, 55, 141, 237, 69, 92, 28, 4, 177]
[6, 174, 232, 42, 137, 232, 123, 79, 204, 113, 103, 150, 19, 185, 194, 48, 96, 251, 221, 67, 96, 162, 53, 148, 187, 128, 128, 209, 208, 72, 38, 237]
[4, 255, 138, 160, 79, 194, 35, 54, 72, 132, 115, 218, 204, 95, 21, 92, 242, 93, 139, 9, 188, 95, 180, 47, 54, 206, 131, 207, 208, 119, 51, 9]
[1, 37, 9, 152, 154, 86, 142, 167, 178, 155, 58, 125, 119, 131, 70, 36, 79, 177, 90, 174, 40, 7, 108, 114, 122, 118, 86, 44, 135, 2, 250, 1]
[3, 77, 249, 4, 140, 208, 253, 80, 60, 227, 41, 82, 87, 132, 203, 237, 0, 76, 204, 103, 67, 0, 238, 139, 146, 153, 35, 110, 227, 227, 122, 174]
[0, 76, 173, 171, 93, 53, 149, 122, 235, 18, 213, 34, 26, 162, 134, 129, 41, 201, 253, 66, 235, 213, 2, 211, 48, 78, 20, 172, 167, 64, 228, 183]
[6, 240, 230, 23, 118, 220, 236, 99, 151, 52, 36, 123, 64, 15, 142, 157, 175, 87, 201, 189, 19, 192, 74, 138, 159, 38, 217, 73, 100, 93, 155, 159]
[1, 65, 60, 148, 226, 160, 143, 32, 221, 5, 16, 33, 30, 236, 75, 213, 177, 245, 221, 3, 201, 72, 72, 172, 232, 157, 47, 27, 198, 36, 205, 175]
[3, 21, 162, 16, 95, 181, 45, 158, 232, 176, 171, 3, 50, 217, 60, 180, 164, 223, 59, 199, 104, 176, 177, 111, 44, 126, 59, 247, 140, 37, 125, 100]
[3, 125, 187, 142, 75, 13, 233, 100, 175, 58, 67, 6, 45, 15, 42, 179, 118, 178, 225, 181, 85, 168, 69, 176, 12, 254, 179, 58, 192, 170, 206, 89]
[1, 127, 110, 42, 80, 38, 189, 216, 98, 236, 126, 171, 171, 231, 88, 163, 121, 111, 180, 59, 17, 78, 79, 127, 238, 108, 137, 210, 228, 199, 28, 191]
[6, 183, 28, 194, 164, 188, 138, 170, 148, 171, 74, 205, 240, 158, 83, 2, 78, 155, 164, 133, 61, 63, 68, 19, 153, 103, 110, 36, 213, 84, 5, 12]
[5, 96, 161, 161, 194, 158, 232, 159, 196, 38, 135, 21, 111, 210, 188, 227, 105, 176, 209, 103, 242, 95, 125, 35, 86, 77, 205, 65, 240, 194, 240, 191]
[7, 167, 42, 3, 248, 165, 98, 115, 87, 140, 130, 126, 88, 79, 39, 200, 241, 158, 230, 62, 76, 254, 93, 124, 41, 11, 205, 174, 165, 88, 144, 136]
[7, 136, 23, 123, 83, 94, 236, 64, 251, 56, 9, 168, 178, 151, 130, 15, 113, 58, 79, 194, 179, 173, 222, 211, 185, 144, 95, 78, 38, 113, 106, 93]
[5, 46, 45, 213, 160, 89, 209, 159, 250, 34, 126, 15, 42, 90, 221, 90, 237, 113, 171, 11, 176, 28, 55, 42, 194, 194, 25, 166, 241, 195, 204, 131]
[4, 55, 98, 26, 2, 129, 205, 0, 118, 82, 41, 144, 69, 254, 105, 92, 214, 149, 119, 175, 141, 160, 37, 37, 215, 200, 104, 142, 71, 158, 25, 173]
[1, 45, 103, 9, 30, 216, 165, 39, 143, 242, 53, 33, 238, 236, 55, 66, 142, 218, 214, 147, 14, 182, 185, 56, 230, 52, 159, 27, 218, 49, 208, 12]
[6, 220, 58, 197, 224, 76, 78, 29, 212, 136, 69, 6, 31, 210, 237, 33, 83, 247, 243, 252, 9, 21, 233, 87, 242, 155, 59, 186, 183, 40, 155, 83]
[0, 145, 152, 21, 222, 159, 148, 5, 81, 251, 127, 199, 58, 100, 34, 59, 8, 148, 207, 203, 175, 77, 170, 198, 29, 134, 231, 245, 128, 96, 32, 116]
[2, 143, 145, 83, 140, 158, 85, 254, 126, 70, 168, 204, 210, 62, 154, 224, 255, 62, 249, 185, 33, 139, 163, 178, 195, 89, 239, 42, 244, 48, 250, 54]
[0, 54, 5, 171, 241, 164, 170, 22, 162, 40, 211, 57, 243, 20, 98, 125, 74, 10, 146, 163, 166, 85, 41, 235, 19, 59, 16, 159, 136, 59, 134, 169]
[3, 102, 215, 2, 155, 222, 37, 115, 10, 85, 185, 188, 20, 234, 181, 46, 163, 146, 129, 112, 235, 56, 169, 205, 233, 64, 31, 78, 80, 197, 108, 125]
[0, 154, 7, 105, 36, 214, 248, 138, 197, 108, 50, 68, 174, 87, 210, 177, 49, 50, 119, 1, 108, 39, 97, 49, 207, 64, 68, 65, 226, 19, 117, 233]
[3, 200, 226, 220, 127, 157, 88, 23, 214, 183, 143, 86, 76, 28, 204, 3, 211, 129, 96, 235, 150, 220, 25, 81, 81, 28, 175, 144, 57, 115, 199, 86]
[2, 131, 228, 3, 174, 214, 6, 220, 156, 71, 130, 109, 98, 203, 213, 129, 82, 101, 172, 157, 71, 16, 105, 126, 199, 57, 2, 103, 107, 12, 223, 181]
[6, 14, 102, 164, 247, 122, 117, 32, 71, 119, 22, 89, 154, 211, 1, 201, 126, 153, 34, 25, 244, 196, 108, 55, 188, 85, 104, 208, 165, 255, 34, 95]
[0, 70, 234, 43, 177, 139, 196, 188, 83, 69, 16, 202, 149, 242, 177, 38, 157, 170, 118, 67, 166, 101, 149, 215, 190, 21, 132, 82, 135, 166, 146, 100]
[4, 12, 239, 110, 165, 71, 166, 207, 130, 71, 5, 135, 186, 59, 10, 55, 255, 1, 25, 106, 240, 6, 215, 104, 69, 97, 249, 184, 146, 47, 63, 248]
[4, 11, 253, 106, 249, 17, 179, 32, 159, 193, 181, 18, 151, 198, 3, 171, 197, 58, 143, 154, 214, 57, 122, 104, 255, 67, 225, 80, 97, 185, 121, 2]
[2, 72, 52, 152, 3, 142, 244, 170, 197, 54, 140, 121, 236, 121, 6, 3, 100, 11, 254, 25, 216, 13, 198, 245, 117, 179, 151, 76, 254, 97, 192, 174]
[2, 108, 202, 231, 118, 170, 99, 177, 193, 124, 243, 102, 51, 143, 52, 32, 15, 83, 57, 115, 171, 167, 63, 201, 220, 216, 28, 162, 56, 142, 116, 217]
[4, 108, 52, 29, 144, 215, 50, 112, 52, 208, 175, 206, 49, 244, 9, 253, 30, 234, 56, 56, 165, 12, 67, 22, 241, 208, 213, 136, 182, 139, 250, 127]
[0, 158, 141, 58, 90, 134, 37, 149, 92, 249, 60, 212, 16, 101, 86, 198, 36, 159, 234, 224, 172, 44, 251, 0, 22, 70, 135, 71, 99, 4, 236, 23]
[6, 161, 85, 61, 217, 82, 50, 122, 83, 161, 211, 194, 177, 100, 152, 109, 99, 155, 10, 153, 205, 115, 144, 43, 43, 68, 42, 43, 120, 245, 15, 101]
[7, 2, 195, 132, 229, 37, 144, 53, 72, 133, 69, 30, 18, 117, 77, 215, 205, 196, 35, 132, 102, 67, 252, 245, 162, 163, 229, 194, 142, 88, 68, 78]
[5, 16, 201, 108, 129, 108, 129, 142, 99, 210, 217, 67, 154, 249, 99, 74, 88, 12, 162, 176, 13, 172, 85, 113, 160, 130, 88, 240, 169, 117, 184, 16]
[5, 157, 205, 247, 201, 1, 62, 47, 193, 66, 22, 155, 201, 33, 78, 252, 128, 14, 242, 185, 59, 45, 24, 116, 19, 244, 208, 178, 63, 104, 241, 210]
[0, 129, 125, 178, 13, 7, 198, 200, 54, 238, 178, 84, 23, 213, 67, 214, 190, 155, 127, 86, 139, 133, 126, 73, 37, 244, 139, 145, 190, 33, 20, 217]
[7, 201, 131, 181, 145, 179, 29, 76, 101, 53, 148, 214, 14, 32, 132, 250, 243, 238, 21, 97, 188, 122, 10, 209, 247, 91, 114, 217, 20, 234, 74, 4]
[1, 240, 241, 226, 194, 244, 87, 4, 238, 167, 147, 103, 59, 119, 17, 22, 78, 48, 109, 188, 133, 254, 35, 200, 204, 49, 204, 138, 113, 101, 238, 119]
[3, 212, 1, 254, 25, 246, 76, 72, 167, 169, 166, 242, 158, 92, 96, 78, 211, 207, 49, 50, 189, 185, 31, 201, 164, 227, 75, 210, 73, 38, 12, 124]
[3, 73, 76, 170, 150, 122, 43, 189, 252, 233, 201, 118, 139, 75, 67, 17, 3, 251, 245, 120, 246, 220, 84, 150, 5, 154, 152, 224, 91, 168, 113, 82]
[2, 82, 158, 3, 117, 152, 139, 39, 71, 19, 114, 94, 105, 245, 63, 79, 233, 33, 201, 3, 85, 143, 4, 86, 160, 126, 116, 93, 117, 65, 6, 227]
[3, 123, 160, 185, 218, 210, 227, 43, 11, 200, 101, 94, 232, 30, 233, 191, 213, 31, 255, 128, 46, 58, 13, 63, 40, 186, 144, 221, 112, 127, 148, 135]
[6, 17, 81, 91, 195, 241, 68, 240, 60, 139, 211, 133, 15, 152, 250, 99, 28, 100, 166, 213, 155, 48, 209, 224, 147, 199, 241, 79, 55, 92, 124, 141]
[6, 161, 58, 134, 158, 123, 134, 86, 83, 125, 126, 226, 111, 56, 74, 204, 246, 243, 145, 188, 33, 163, 155, 56, 55, 16, 34, 169, 67, 105, 248, 70]
[0, 230, 130, 66, 187, 60, 219, 70, 104, 12, 188, 241, 31, 99, 125, 58, 208, 56, 99, 179, 19, 92, 98, 52, 17, 50, 7, 122, 245, 6, 20, 17]
[3, 50, 84, 233, 223, 98, 207, 94, 228, 78, 102, 191, 169, 156, 91, 235, 103, 1, 247, 255, 249, 182, 21, 97, 51, 183, 43, 191, 182, 153, 208, 239]
[3, 175, 146, 220, 61, 205, 254, 216, 93, 71, 184, 190, 93, 81, 90, 46, 6, 102, 253, 99, 97, 139, 115, 82, 113, 211, 29, 107, 178, 153, 102, 206]
[2, 229, 47, 226, 212, 154, 50, 144, 224, 235, 32, 59, 138, 6, 232, 30, 12, 250, 38, 113, 1, 224, 254, 134, 228, 178, 124, 93, 148, 50, 144, 126]
[6, 77, 154, 3, 188, 210, 214, 26, 80, 55, 147, 35, 14, 5, 199, 154, 220, 30, 82, 171, 60, 7, 25, 224, 42, 56, 133, 127, 161, 233, 134, 61]
[0, 29, 214, 56, 172, 69, 138, 63, 243, 37, 145, 94, 98, 45, 102, 242, 116, 115, 53, 79, 39, 127, 79, 71, 246, 111, 47, 168, 138, 84, 158, 127]
[0, 40, 191, 102, 134, 121, 58, 239, 64, 40, 9, 124, 23, 97, 70, 134, 82, 44, 40, 57, 199, 129, 172, 98, 22, 105, 135, 40, 166, 78, 135, 162]
[4, 250, 227, 179, 120, 80, 73, 62, 29, 16, 223, 2, 36, 234, 33, 218, 50, 3, 14, 23, 160, 130, 57, 138, 87, 167, 178, 61, 228, 23, 176, 122]
[6, 73, 107, 49, 134, 192, 21, 225, 162, 164, 98, 199, 31, 181, 16, 165, 204, 72, 208, 16, 238, 57, 241, 77, 117, 95, 194, 16, 170, 46, 130, 106]
[4, 117, 62, 65, 196, 1, 47, 218, 141, 54, 52, 96, 127, 245, 107, 66, 171, 79, 199, 18, 121, 228, 165, 200, 101, 86, 93, 198, 195, 201, 100, 63]
[3, 60, 10, 216, 160, 73, 126, 75, 84, 69, 49, 17, 19, 112, 41, 165, 66, 98, 81, 19, 192, 202, 197, 149, 214, 130, 238, 33, 147, 52, 78, 123]
[6, 238, 232, 29, 252, 214, 18, 69, 47, 159, 122, 216, 27, 51, 189, 187, 213, 223, 193, 55, 8, 59, 233, 9, 52, 161, 237, 214, 87, 104, 223, 96]
[0, 180, 181, 142, 153, 38, 104, 26, 10, 103, 225, 188, 194, 122, 138, 224, 202, 168, 52, 102, 70, 225, 190, 122, 220, 4, 111, 98, 138, 81, 143, 163]
[6, 64, 197, 43, 126, 70, 112, 190, 236, 52, 146, 159, 4, 116, 133, 140, 73, 57, 191, 238, 136, 105, 217, 146, 145, 99, 146, 117, 50, 172, 131, 146]
[6, 129, 186, 254, 52, 161, 26, 129, 61, 18, 235, 161, 51, 123, 178, 137, 136, 53, 77, 203, 115, 143, 27, 84, 110, 160, 133, 8, 24, 241, 13, 81]
[0, 189, 165, 191, 175, 188, 48, 108, 173, 54, 62, 235, 224, 205, 112, 65, 74, 165, 72, 91, 64, 198, 240, 225, 63, 123, 67, 52, 177, 152, 167, 184]
[1, 157, 104, 63, 232, 55, 88, 113, 66, 230, 18, 237, 163, 117, 50, 173, 168, 1, 132, 175, 156, 38, 105, 195, 12, 174, 57, 30, 66, 210, 135, 117]
[6, 211, 19, 82, 198, 240, 175, 241, 54, 199, 212, 165, 64, 162, 213, 186, 43, 107, 153, 40, 158, 231, 111, 187, 132, 155, 105, 105, 163, 53, 33, 109]
[5, 216, 16, 102, 81, 171, 86, 75, 170, 115, 83, 173, 61, 221, 152, 77, 83, 226, 44, 106, 151, 226, 13, 153, 156, 200, 19, 73, 77, 171, 77, 123]
[0, 243, 207, 106, 4, 188, 120, 175, 46, 31, 43, 15, 247, 234, 241, 173, 60, 128, 190, 1, 189, 46, 142, 115, 224, 250, 211, 23, 42, 216, 142, 199]
[6, 192, 197, 65, 160, 236, 167, 221, 183, 255, 133, 223, 93, 55, 144, 140, 81, 78, 135, 246, 38, 172, 71, 78, 100, 43, 101, 233, 39, 206, 74, 137]
[2, 93, 33, 224, 9, 43, 116, 46, 238, 167, 108, 50, 107, 37, 224, 183, 150, 47, 220, 48, 141, 50, 80, 179, 117, 104, 58, 35, 241, 75, 11, 63]
[1, 27, 194, 168, 206, 206, 185, 181, 70, 126, 221, 160, 13, 193, 67, 144, 36, 148, 92, 75, 3, 214, 83, 122, 162, 30, 139, 18, 24, 41, 107, 241]
[7, 177, 190, 66, 0, 197, 162, 182, 69, 177, 144, 249, 40, 141, 91, 51, 165, 200, 17, 103, 15, 219, 208, 80, 23, 37, 129, 222, 151, 106, 153, 126]
[7, 19, 87, 121, 28, 248, 180, 52, 143, 220, 1, 120, 49, 222, 198, 186, 78, 192, 253, 74, 247, 101, 51, 248, 99, 46, 50, 78, 197, 221, 218, 128]
[0, 184, 73, 204, 255, 234, 230, 134, 97, 206, 147, 189, 6, 102, 237, 66, 179, 217, 155, 254, 194, 14, 52, 160, 173, 66, 37, 53, 222, 236, 3, 235]
[6, 185, 145, 186, 108, 61, 225, 142, 248, 129, 209, 13, 185, 196, 235, 98, 41, 169, 26, 84, 192, 60, 214, 135, 72, 109, 145, 134, 234, 155, 201, 233]
[5, 209, 205, 202, 225, 131, 65, 242, 26, 12, 192, 202, 77, 178, 180, 75, 9, 65, 15, 69, 166, 182, 195, 9, 7, 226, 48, 116, 76, 15, 152, 38]
[6, 39, 252, 152, 229, 25, 16, 71, 96, 34, 236, 194, 157, 163, 48, 51, 195, 230, 145, 198, 191, 27, 195, 116, 62, 250, 142, 68, 239, 165, 217, 245]
[1, 208, 31, 251, 163, 241, 133, 209, 235, 44, 105, 159, 159, 217, 22, 47, 197, 137, 89, 21, 138, 108, 61, 150, 200, 190, 124, 44, 217, 77, 166, 144]
[4, 159, 75, 160, 165, 214, 207, 216, 22, 165, 192, 49, 5, 200, 188, 168, 188, 167, 192, 230, 192, 145, 31, 235, 253, 229, 29, 198, 215, 91, 114, 105]
[2, 45, 4, 146, 28, 165, 27, 42, 139, 65, 164, 152, 17, 183, 236, 247, 220, 96, 225, 140, 14, 106, 55, 149, 59, 210, 40, 227, 162, 230, 39, 244]
[0, 1, 162, 19, 241, 78, 60, 162, 86, 127, 209, 183, 169, 84, 108, 210, 181, 66, 177, 126, 103, 124, 179, 187, 200, 112, 186, 48, 208, 227, 70, 252]
[2, 68, 117, 173, 151, 201, 138, 3, 31, 238, 162, 61, 174, 28, 129, 98, 130, 127, 154, 158, 198, 8, 63, 129, 248, 37, 93, 236, 187, 133, 175, 5]
[6, 172, 252, 136, 151, 223, 7, 227, 87, 14, 250, 13, 97, 57, 100, 1, 250, 253, 208, 122, 138, 7, 73, 81, 30, 192, 112, 145, 42, 146, 179, 71]
[4, 45, 37, 226, 136, 94, 78, 36, 191, 57, 91, 23, 229, 129, 230, 220, 68, 102, 168, 76, 250, 150, 85, 36, 6, 242, 132, 39, 30, 69, 80, 46]
[0, 90, 240, 138, 239, 74, 205, 101, 153, 101, 160, 211, 230, 149, 37, 23, 60, 94, 71, 16, 99, 220, 215, 58, 121, 63, 77, 187, 225, 43, 250, 171]
[7, 227, 85, 103, 103, 155, 201, 157, 207, 96, 242, 167, 30, 103, 146, 15, 232, 208, 77, 224, 131, 113, 145, 255, 255, 2, 247, 96, 12, 184, 113, 2]
[1, 130, 117, 161, 127, 121, 178, 144, 127, 118, 136, 246, 77, 174, 5, 60, 28, 13, 165, 55, 96, 152, 173, 45, 209, 238, 100, 234, 211, 243, 15, 53]
[3, 232, 48, 166, 214, 169, 220, 81, 187, 109, 154, 245, 49, 166, 32, 123, 76, 34, 108, 101, 192, 114, 208, 155, 84, 134, 154, 185, 182, 142, 86, 127]
[2, 173, 196, 137, 110, 101, 0, 13, 70, 4, 51, 118, 141, 60, 99, 126, 49, 216, 186, 241, 55, 248, 101, 153, 57, 76, 124, 38, 63, 69, 241, 191]
[5, 31, 112, 10, 244, 109, 122, 207, 193, 27, 34, 195, 123, 146, 31, 114, 150, 78, 182, 151, 182, 149, 185, 33, 168, 46, 237, 100, 5, 205, 137, 89]
[7, 252, 207, 176, 162, 103, 18, 63, 2, 167, 33, 11, 114, 207, 48, 196, 182, 235, 189, 57, 175, 166, 69, 171, 55, 189, 40, 226, 61, 159, 244, 59]
[4, 163, 182, 195, 178, 97, 2, 88, 182, 49, 11, 85, 41, 186, 158, 177, 171, 14, 99, 239, 49, 1, 119, 34, 34, 106, 15, 229, 42, 53, 9, 236]
[5, 96, 80, 223, 35, 167, 13, 122, 130, 59, 110, 55, 228, 25, 147, 71, 201, 10, 11, 216, 173, 127, 162, 174, 191, 117, 166, 88, 21, 210, 190, 210]
[4, 138, 249, 110, 150, 169, 195, 246, 140, 43, 219, 121, 105, 8, 33, 63, 181, 1, 50, 52, 148, 113, 77, 73, 170, 150, 170, 180, 168, 226, 222, 38]
[4, 139, 147, 252, 231, 247, 131, 178, 30, 52, 220, 254, 159, 170, 135, 52, 132, 25, 116, 247, 102, 130, 13, 168, 206, 226, 251, 127, 41, 23, 34, 0]
[1, 226, 202, 11, 246, 48, 27, 164, 212, 88, 215, 20, 18, 207, 102, 225, 43, 233, 107, 96, 151, 99, 81, 163, 247, 208, 156, 148, 245, 98, 212, 123]
[3, 101, 112, 44, 39, 241, 74, 95, 228, 119, 71, 234, 157, 120, 224, 174, 221, 143, 80, 242, 119, 251, 185, 54, 217, 21, 37, 73, 231, 231, 174, 113]
[4, 130, 254, 57, 247, 209, 228, 229, 215, 108, 111, 231, 20, 238, 98, 147, 110, 88, 14, 139, 166, 13, 100, 214, 73, 192, 155, 96, 206, 239, 122, 193]
[2, 60, 245, 99, 9, 250, 136, 127, 163, 140, 147, 232, 94, 89, 21, 123, 132, 93, 200, 185, 42, 0, 170, 201, 49, 183, 163, 215, 234, 146, 159, 165]
[5, 231, 193, 156, 218, 42, 171, 236, 226, 153, 216, 74, 233, 253, 102, 246, 159, 9, 202, 201, 145, 201, 215, 131, 132, 124, 6, 6, 118, 253, 12, 253]
[3, 170, 15, 57, 185, 114, 27, 78, 234, 40, 156, 144, 123, 30, 249, 104, 42, 107, 249, 101, 44, 116, 65, 0, 94, 231, 177, 114, 236, 160, 78, 67]
[7, 214, 112, 78, 112, 203, 177, 194, 157, 240, 39, 3, 14, 188, 36, 13, 160, 13, 250, 223, 219, 1, 131, 247, 134, 148, 47, 122, 146, 169, 51, 66]
[3, 77, 108, 134, 209, 49, 11, 34, 64, 209, 194, 2, 134, 25, 194, 46, 51, 237, 137, 49, 138, 115, 160, 106, 163, 150, 50, 159, 13, 63, 215, 52]
[5, 226, 56, 180, 254, 175, 226, 228, 74, 142, 254, 209, 230, 149, 52, 5, 174, 236, 230, 223, 10, 173, 195, 101, 118, 65, 239, 37, 57, 210, 131, 122]
[6, 13, 118, 122, 187, 115, 227, 155, 56, 43, 31, 66, 136, 185, 61, 241, 48, 168, 237, 46, 111, 70, 80, 86, 193, 255, 174, 211, 30, 107, 169, 248]
[2, 169, 113, 235, 85, 103, 52, 199, 39, 251, 163, 177, 190, 55, 192, 147, 131, 115, 142, 163, 190, 56, 226, 231, 127, 89, 34, 174, 209, 84, 2, 86]
[4, 186, 76, 219, 174, 24, 101, 73, 179, 213, 109, 32, 195, 12, 48, 234, 9, 151, 139, 116, 205, 229, 179, 242, 231, 192, 91, 253, 252, 119, 176, 252]
[2, 27, 51, 65, 39, 234, 75, 179, 80, 58, 148, 111, 15, 15, 121, 51, 161, 19, 71, 163, 62, 231, 177, 190, 30, 17, 149, 133, 195, 68, 253, 97]
[4, 181, 51, 84, 212, 33, 227, 107, 133, 64, 189, 202, 85, 175, 107, 34, 178, 120, 234, 82, 221, 132, 253, 13, 35, 88, 140, 118, 203, 252, 104, 138]
[4, 99, 105, 205, 34, 10, 69, 244, 127, 5, 16, 174, 148, 8, 67, 80, 76, 58, 100, 245, 60, 78, 193, 54, 44, 18, 49, 235, 2, 189, 122, 233]
[7, 150, 131, 38, 181, 64, 70, 78, 80, 102, 82, 99, 230, 8, 143, 140, 145, 1, 83, 81, 171, 135, 135, 233, 228, 136, 183, 58, 143, 42, 199, 207]
[1, 34, 44, 71, 137, 236, 164, 123, 56, 52, 48, 196, 116, 169, 220, 191, 74, 163, 226, 221, 196, 143, 87, 108, 17, 120, 209, 38, 120, 118, 58, 22]
[2, 169, 76, 10, 70, 189, 68, 63, 40, 134, 101, 186, 249, 44, 248, 38, 128, 227, 179, 210, 154, 51, 131, 144, 134, 100, 23, 145, 218, 78, 16, 69]
[3, 128, 247, 45, 89, 38, 49, 99, 95, 154, 238, 105, 224, 178, 136, 117, 4, 81, 25, 65, 203, 137, 225, 111, 171, 196, 1, 131, 58, 213, 253, 89]
[1, 173, 18, 122, 241, 223, 214, 140, 43, 231, 193, 218, 107, 13, 204, 231, 149, 91, 206, 195, 246, 43, 250, 152, 235, 238, 195, 199, 43, 40, 144, 235]
[3, 21, 96, 136, 221, 14, 183, 17, 218, 22, 108, 24, 100, 110, 102, 254, 184, 234, 205, 224, 167, 34, 185, 26, 11, 138, 87, 82, 104, 198, 239, 80]
[2, 98, 227, 88, 31, 50, 78, 43, 64, 132, 239, 35, 12, 175, 190, 162, 128, 220, 72, 89, 173, 171, 17, 7, 107, 141, 102, 157, 74, 185, 164, 87]
[0, 227, 198, 238, 64, 241, 193, 178, 194, 79, 248, 55, 176, 77, 28, 39, 29, 212, 195, 1, 48, 113, 39, 103, 198, 10, 214, 74, 10, 83, 10, 101]
[4, 105, 103, 129, 80, 147, 231, 230, 140, 144, 11, 44, 186, 21, 146, 173, 139, 174, 103, 173, 190, 176, 74, 101, 4, 117, 162, 240, 51, 235, 145, 98]
[5, 70, 126, 244, 73, 192, 18, 51, 104, 176, 164, 185, 86, 79, 86, 161, 116, 249, 178, 15, 51, 248, 159, 180, 130, 58, 106, 112, 68, 52, 180, 183]
[4, 54, 192, 226, 230, 4, 107, 162, 131, 48, 65, 89, 198, 150, 247, 220, 233, 50, 67, 197, 208, 91, 205, 73, 32, 133, 237, 48, 42, 78, 186, 48]
[3, 25, 82, 38, 248, 51, 69, 44, 114, 101, 86, 161, 137, 3, 213, 59, 178, 96, 187, 228, 131, 165, 76, 184, 114, 124, 45, 165, 99, 74, 107, 234]
[2, 210, 159, 109, 222, 150, 86, 128, 7, 196, 175, 18, 237, 145, 117, 114, 136, 255, 108, 247, 126, 58, 72, 221, 40, 121, 120, 204, 211, 234, 254, 31]
[6, 201, 50, 198, 201, 125, 199, 205, 73, 125, 252, 28, 230, 105, 220, 164, 92, 225, 24, 236, 237, 167, 31, 16, 126, 73, 90, 242, 231, 115, 60, 158]
[4, 74, 129, 79, 235, 240, 191, 63, 29, 198, 186, 213, 229, 222, 88, 45, 77, 46, 230, 74, 169, 133, 86, 30, 220, 67, 2, 211, 55, 178, 30, 227]
[6, 130, 109, 79, 19, 94, 88, 120, 182, 77, 214, 10, 130, 75, 7, 168, 157, 61, 236, 72, 90, 114, 43, 130, 9, 91, 70, 111, 90, 215, 144, 12]
[0, 236, 163, 237, 73, 22, 146, 187, 96, 29, 143, 159, 72, 86, 199, 93, 222, 63, 170, 108, 41, 76, 177, 0, 174, 139, 38, 17, 158, 178, 235, 51]
[6, 191, 34, 234, 252, 148, 255, 41, 139, 213, 23, 89, 138, 93, 118, 198, 98, 0, 7, 178, 195, 74, 21, 178, 254, 181, 42, 105, 148, 6, 9, 251]
[1, 194, 94, 62, 9, 199, 190, 177, 199, 67, 145, 162, 14, 112, 125, 54, 39, 214, 64, 235, 42, 19, 199, 119, 233, 206, 90, 40, 38, 83, 53, 202]
[7, 186, 255, 144, 133, 75, 53, 156, 86, 19, 122, 163, 81, 2, 199, 5, 91, 95, 250, 72, 167, 42, 66, 131, 39, 215, 179, 158, 70, 171, 233, 219]
[4, 128, 201, 244, 20, 194, 1, 183, 40, 173, 190, 21, 177, 187, 150, 33, 107, 51, 195, 63, 114, 249, 45, 90, 47, 37, 19, 166, 180, 55, 173, 165]
[4, 255, 121, 18, 139, 69, 24, 18, 213, 121, 108, 110, 170, 244, 109, 85, 30, 252, 14, 34, 19, 236, 255, 247, 224, 3, 98, 0, 246, 164, 180, 7]
[3, 82, 97, 214, 46, 109, 33, 139, 100, 164, 193, 113, 115, 100, 218, 115, 80, 238, 22, 53, 14, 132, 56, 133, 135, 119, 240, 174, 204, 126, 27, 147]
[1, 171, 148, 222, 60, 90, 203, 112, 132, 133, 72, 195, 225, 208, 25, 113, 163, 207, 22, 181, 197, 168, 69, 120, 28, 130, 57, 69, 161, 26, 163, 245]
[4, 196, 101, 101, 212, 100, 143, 18, 10, 196, 185, 58, 67, 66, 243, 119, 48, 122, 220, 204, 57, 185, 233, 134, 32, 84, 198, 105, 173, 14, 42, 201]
[7, 96, 243, 119, 72, 93, 138, 80, 139, 204, 2, 45, 169, 246, 236, 87, 171, 12, 131, 195, 224, 90, 202, 25, 63, 178, 233, 229, 31, 149, 151, 239]
[1, 19, 229, 193, 210, 24, 135, 77, 51, 216, 36, 9, 102, 5, 114, 83, 238, 130, 38, 197, 37, 153, 236, 107, 0, 242, 253, 138, 170, 17, 153, 243]
[1, 178, 178, 180, 40, 184, 128, 219, 36, 183, 229, 253, 135, 176, 191, 39, 235, 186, 123, 127, 220, 225, 117, 79, 169, 174, 189, 101, 73, 45, 42, 188]
[2, 34, 149, 46, 73, 1, 201, 253, 107, 141, 21, 237, 70, 195, 70, 16, 40, 27, 122, 213, 100, 230, 195, 88, 225, 126, 97, 216, 5, 67, 157, 241]
[7, 164, 112, 99, 145, 39, 43, 61, 213, 177, 41, 146, 255, 205, 175, 11, 233, 165, 194, 238, 241, 158, 240, 61, 135, 99, 198, 252, 89, 247, 174, 216]
[1, 208, 195, 63, 156, 189, 13, 108, 253, 117, 15, 12, 234, 35, 65, 2, 196, 30, 208, 67, 7, 168, 215, 77, 189, 127, 85, 28, 179, 143, 181, 97]
[4, 124, 141, 142, 184, 2, 170, 24, 12, 248, 212, 43, 165, 114, 219, 12, 116, 227, 92, 72, 190, 32, 93, 72, 184, 163, 68, 180, 90, 143, 177, 174]
[4, 198, 151, 3, 105, 81, 179, 40, 211, 244, 102, 128, 236, 228, 205, 86, 113, 75, 78, 26, 155, 23, 75, 239, 251, 10, 169, 87, 151, 37, 86, 144]
[3, 13, 46, 39, 67, 129, 113, 72, 211, 65, 62, 250, 100, 148, 98, 88, 205, 254, 69, 104, 112, 241, 224, 119, 47, 56, 219, 42, 77, 39, 146, 120]
[3, 235, 28, 42, 252, 139, 245, 31, 144, 188, 220, 97, 220, 209, 244, 31, 114, 21, 113, 25, 89, 3, 223, 81, 139, 4, 34, 117, 37, 98, 144, 68]
[3, 102, 151, 94, 154, 37, 129, 64, 62, 161, 253, 15, 134, 121, 3, 233, 242, 207, 125, 47, 164, 97, 17, 168, 133, 244, 80, 106, 3, 2, 44, 168]
[0, 28, 4, 84, 58, 249, 108, 26, 2, 84, 152, 200, 44, 58, 146, 252, 17, 225, 67, 168, 78, 140, 126, 206, 58, 181, 39, 165, 50, 180, 188, 252]
[3, 140, 32, 26, 23, 166, 155, 236, 134, 90, 26, 253, 33, 164, 89, 30, 211, 199, 93, 138, 6, 42, 28, 124, 120, 247, 11, 95, 185, 5, 88, 109]
[5, 226, 17, 37, 239, 57, 3, 160, 137, 0, 114, 149, 7, 151, 22, 246, 124, 61, 254, 64, 112, 44, 91, 44, 20, 138, 79, 48, 106, 204, 114, 40]
[1, 98, 182, 27, 223, 164, 156, 188, 233, 129, 119, 140, 120, 29, 243, 121, 36, 86, 3, 40, 18, 103, 19, 174, 214, 14, 61, 170, 184, 118, 225, 210]
[3, 162, 18, 40, 116, 165, 174, 91, 204, 59, 65, 89, 87, 249, 186, 74, 35, 23, 193, 88, 231, 45, 57, 105, 114, 192, 205, 216, 230, 144, 84, 16]
[3, 59, 85, 246, 192, 19, 65, 124, 112, 177, 138, 255, 231, 36, 65, 38, 150, 161, 0, 94, 118, 251, 255, 228, 178, 55, 119, 85, 141, 6, 95, 175]
[4, 83, 237, 74, 173, 38, 154, 136, 144, 67, 43, 12, 159, 204, 208, 4, 24, 191, 16, 175, 67, 37, 10, 122, 180, 72, 208, 225, 66, 63, 141, 243]
[6, 84, 19, 204, 106, 206, 231, 112, 195, 48, 72, 73, 181, 133, 3, 133, 47, 209, 215, 102, 79, 254, 136, 115, 110, 87, 17, 43, 39, 190, 57, 192]
[0, 105, 166, 35, 216, 89, 255, 39, 139, 225, 132, 60, 172, 42, 64, 17, 235, 86, 186, 109, 167, 179, 101, 196, 65, 59, 55, 70, 120, 146, 165, 9]
[1, 162, 96, 99, 108, 179, 130, 51, 247, 116, 239, 45, 108, 31, 186, 251, 114, 35, 74, 217, 184, 158, 60, 206, 30, 252, 32, 117, 201, 228, 200, 26]
[2, 127, 103, 241, 138, 49, 0, 61, 8, 97, 71, 71, 145, 164, 236, 236, 59, 248, 112, 200, 188, 232, 28, 179, 150, 214, 243, 90, 202, 117, 166, 55]
[0, 56, 174, 78, 231, 118, 121, 44, 146, 6, 255, 19, 7, 40, 32, 89, 49, 81, 228, 34, 193, 107, 144, 89, 74, 171, 195, 207, 25, 116, 119, 229]
[5, 110, 63, 43, 141, 254, 199, 28, 154, 169, 232, 4, 175, 20, 244, 245, 191, 84, 40, 241, 131, 114, 90, 109, 72, 135, 249, 247, 116, 9, 71, 90]
[4, 235, 156, 254, 124, 24, 191, 225, 121, 144, 11, 117, 60, 230, 249, 211, 118, 83, 100, 70, 53, 22, 208, 145, 92, 129, 140, 69, 148, 111, 37, 146]
[4, 226, 141, 212, 235, 239, 121, 107, 178, 102, 215, 186, 45, 176, 16, 106, 212, 67, 120, 17, 13, 250, 86, 43, 152, 172, 238, 156, 252, 74, 68, 177]
[1, 164, 98, 166, 7, 145, 230, 98, 54, 119, 39, 247, 145, 238, 37, 203, 125, 160, 42, 4, 6, 188, 24, 132, 86, 161, 50, 165, 32, 131, 72, 238]
[6, 18, 167, 246, 136, 193, 99, 202, 245, 84, 244, 251, 145, 16, 246, 150, 227, 116, 18, 66, 177, 73, 0, 123, 96, 111, 104, 96, 0, 148, 46, 227]
[0, 75, 28, 102, 39, 208, 139, 198, 200, 56, 53, 72, 134, 27, 251, 237, 67, 214, 66, 128, 228, 246, 106, 181, 62, 150, 190, 242, 213, 231, 152, 50]
[5, 30, 77, 244, 100, 99, 72, 133, 24, 225, 167, 53, 182, 6, 36, 188, 45, 105, 160, 168, 21, 202, 61, 88, 239, 26, 3, 109, 10, 92, 147, 92]
[1, 91, 244, 106, 83, 144, 199, 46, 68, 44, 120, 180, 191, 158, 230, 221, 100, 222, 138, 11, 106, 136, 217, 19, 92, 5, 82, 42, 130, 48, 133, 81]
[7, 42, 79, 123, 84, 81, 42, 248, 27, 139, 0, 130, 105, 235, 16, 255, 76, 126, 54, 221, 156, 83, 17, 53, 225, 79, 21, 217, 66, 255, 66, 47]
[7, 49, 209, 70, 240, 126, 0, 200, 151, 99, 233, 41, 82, 9, 99, 241, 78, 54, 79, 255, 25, 189, 181, 139, 19, 120, 212, 15, 191, 67, 118, 141]
[2, 8, 89, 199, 145, 234, 203, 216, 18, 119, 134, 135, 58, 241, 36, 197, 58, 102, 248, 131, 14, 193, 217, 131, 19, 43, 120, 210, 247, 246, 91, 91]
[4, 208, 74, 25, 225, 84, 81, 223, 230, 121, 40, 100, 130, 135, 112, 35, 85, 45, 238, 33, 153, 194, 240, 177, 58, 128, 77, 86, 156, 208, 190, 208]
[7, 247, 16, 231, 1, 237, 167, 34, 255, 161, 179, 69, 152, 158, 121, 43, 218, 97, 39, 121, 124, 9, 167, 70, 174, 133, 137, 214, 169, 253, 106, 114]
[2, 29, 78, 50, 11, 250, 189, 30, 164, 77, 155, 23, 90, 155, 92, 72, 8, 89, 175, 221, 243, 174, 146, 128, 12, 10, 7, 59, 75, 168, 133, 208]
[0, 134, 213, 240, 189, 11, 134, 145, 32, 24, 234, 37, 167, 255, 108, 64, 190, 240, 113, 223, 57, 71, 189, 127, 61, 30, 56, 255, 29, 126, 113, 169]
[4, 231, 223, 253, 171, 165, 33, 236, 248, 48, 249, 0, 8, 152, 141, 110, 70, 255, 171, 158, 123, 43, 219, 111, 139, 239, 146, 154, 16, 183, 197, 114]
[0, 242, 15, 110, 120, 140, 114, 240, 200, 13, 80, 34, 19, 69, 51, 82, 242, 171, 23, 181, 213, 135, 217, 113, 52, 228, 237, 192, 208, 137, 85, 152]
[7, 253, 144, 87, 39, 230, 45, 119, 103, 2, 241, 120, 42, 33, 192, 211, 222, 190, 86, 150, 211, 59, 3, 198, 8, 238, 24, 149, 106, 193, 36, 117]
[6, 22, 68, 142, 176, 0, 89, 84, 20, 115, 76, 90, 62, 80, 235, 64, 232, 230, 243, 130, 119, 219, 82, 55, 114, 145, 177, 105, 7, 120, 236, 60]
[2, 153, 65, 114, 58, 187, 251, 204, 233, 224, 171, 170, 31, 196, 211, 94, 144, 37, 71, 81, 119, 111, 132, 12, 92, 222, 188, 104, 196, 240, 76, 166]
[7, 255, 206, 136, 147, 206, 11, 214, 35, 244, 12, 25, 201, 161, 118, 71, 62, 71, 249, 106, 171, 118, 113, 199, 242, 163, 239, 243, 60, 179, 41, 102]
[3, 117, 51, 84, 124, 157, 202, 81, 64, 51, 87, 167, 221, 198, 83, 40, 182, 245, 109, 34, 201, 230, 95, 166, 149, 63, 205, 168, 214, 92, 173, 216]
[3, 10, 51, 193, 234, 140, 225, 10, 159, 190, 14, 179, 49, 166, 74, 14, 182, 51, 145, 31, 55, 201, 135, 156, 48, 200, 17, 65, 236, 226, 63, 120]
[4, 211, 229, 255, 36, 125, 26, 177, 232, 214, 230, 72, 249, 243, 91, 183, 12, 0, 69, 48, 106, 127, 120, 73, 151, 51, 79, 24, 25, 213, 73, 88]
[1, 223, 25, 203, 165, 197, 190, 234, 20, 247, 208, 234, 219, 225, 62, 48, 216, 39, 54, 141, 45, 248, 217, 136, 173, 86, 125, 179, 117, 122, 81, 237]
[7, 244, 150, 152, 138, 237, 48, 20, 17, 14, 42, 195, 90, 200, 144, 103, 93, 132, 151, 97, 92, 109, 220, 77, 188, 119, 236, 31, 27, 48, 248, 13]
[3, 141, 73, 211, 142, 173, 51, 244, 149, 35, 183, 47, 1, 15, 156, 169, 155, 172, 24, 149, 7, 243, 243, 63, 74, 191, 30, 2, 243, 94, 6, 216]
[0, 173, 43, 23, 82, 217, 241, 105, 167, 66, 50, 223, 223, 103, 232, 17, 33, 34, 115, 27, 195, 2, 39, 65, 231, 156, 140, 93, 83, 57, 5, 105]
[1, 127, 174, 235, 16, 184, 157, 96, 237, 248, 184, 48, 56, 249, 137, 31, 125, 45, 39, 221, 77, 75, 225, 81, 171, 94, 148, 6, 122, 197, 47, 224]

"706c1624a5a86e43fad4e6983411dfaa75ac8fbdedda8b407d9a911d7e386d22"
  Time spent: 1.199268ms
- Started round 3: Evaluate polynomial in out of domain elements
  Time spent: 626.254µs
- Started round 4: FRI
  Time spent: 2.408594ms
 Fraction of proving time per round: 0.0106 0.1593 0.2381 0.1244 0.4783
  Time spent in proving: 5.147638ms 

